0 4
1 2
2 0
3 14
4 34
5 0 4 6 18 60
6 2 16 92
7 4 16 130
8 0 56 174
9 224
10 280
11 0 2 12 20 66 112 342
12 4 56 410
13 484
14 0 4 6 18 24 60 78 186 564
15 650
16 2 146 742
17 0 278 840
18 944
19 4 148 1054
20 0 14 20 48 66 388 1170
21 2 4 32 34 182 256 1292
22 1420
23 0 6 170 516 1554
24 1694
25 16 94 1840
26 0 2 4 12 16 18 32 54 92 102 130 282 396 662 1992
27 2150
28 4 328 2314
29 0 826 2484
30 2660
31 2 566 2842
32 0 6 334 1008 3030
33 4 458 3224
34 20 146 3424
35 0 4 18 170 516 1208 3630
36 2 766 3842
37 14 236 4060
38 0 1426 4284
39 4514
40 4 46 94 676 4750
41 0 2 6 12 24 34 42 108 132 182 330 552 996 1662 4992
42 4 46 104 746
43 20 236
44 0 16 54 98 300 1916
45 16 314
46 2 1256
47 0 4 18 310 936 2188
48
49 4 1018
50 0 6 824 2478
51 2 1546
52
53 0 2786
54 4 14 70 116 508 1238
55
56 0 2 4 12 18 32 86 102 264 442 620 1332 1866 3112
57 20 418
58 34 268
59 0 6 1150 3456
60
61 2 4 32 314 1582 2216
62 0 3818
63 4 16 86 130 620 1688
64 16 640
65 0 4198
66 2 20 110 112 562 2596
67 56 224
68 0 4 6 18 24 60 70 186 216 508 654 1530 1968 4596
69
70 4 2086
71 0 2 12 14 48 56 82 174 252 292 882 1000 3006
72
73
74 0
75 4 2396
76 2 3446
77 0 4 6 18 60 278 840 1964 2526
78 34 488
79
80 0 20 66 274 828
81 2 3916
82 4 16 130 148 1054 2866
83 0 16 54 358 1080
84 4 3008
85 110 188
86 0 2 6 12 42 488 1470 2452 4416
87
88 14 1358
89 0 4 18 20 46 66 144 158 340 480 1026 1124 3378
90
91 2 4 32 46 98 242 502 704 3532 4946
92 0
93
94
95 0 6 24 34 78 108 240 330 726 996 2994
96 2 4 32 784 3932
97
98 0 4 18 1364 4098
99
100 164 176
101 0 2 12 16 54 92 104 282 318 532 1602 2030
102 16 1634
103 4 20 158 194 1376 4528
104 0 6 3590
105 4 14 116 274 1936 4706
106 2
107 0
108
109
110 0 4 18 1720
111 2
112 4 20 158 230 1628
113 0 6 4240
114
115 34 1066
116 0 2 12 2680
117 4
118
119 0 4 18 2014
120 16 2264
121 2 16 92 458 2302
122 0 6 14 24 48 94 150 288 456 870 1646 2616 4944
123 164 268
124 4
125 0
126 2 4 20 32 56 112 158 292 410 802 1354 2062
127 70 658
128 0
129
130 56 854
131 0 2 4 6 12 18 32 42 60 102 160 312 486 812 1138 1464 2442 3420
132 34 1406
133 4
134 0
135 20 2368
136 2
137 0 94 190 288 576
138 4 46 1160
139 14 16 176 320 3040 3398
140 0 4 6 16 18 46 54 60 130 144 168 340 396 438 928 1026 1194 2790 3084
141 2 70 160 362 812
142
143 0
144
145 4 86 98 620 704
146 0 2 12 4250
147 4
148
149 0 6 20 24 66 104 204 318 618 960 2458 2886
150
151 2
152 0 4 18 34 86 108 256 264 620 774 1866 3290
153
154 4
155 0
156 2 14 82 854 4282
157
158 0 6 16 20 54 66 168 204 358 434 1080 1308 3246 3930
159 4 16 130 566 3980
160 194 386
161 0 2 4 12 18 32 102 736 2214 3692
162 248 310
163
164 0
165 146 544
166 2 4 32 2354
167 0 6
168 4
169 34 2308
170 0 148 188 450 570
171 2
172 20 3848
173 0 4 14 18 48 116 248 354 750 1754 4264
174
175 4
176 0 2 6 12 24 42 78 132 226 402 684 1142 2058 3432
177 16 4934
178 16 4990
179 0 110 280 336 846
180 4
181 2 20 112 850 4262
182 0 4 18 4720
183 146 670
184
185 0 6 56 174 190 528 576 1734
186 2
187 4 46 2134
188 0
189 4 34 46 56 256 410 1810 2180 2888
190 14
191 0 2 12
192 98 1090
193 328 334
194 0 4 6 18 60 1786
195 20 4948
196 2 4 16 32 92 130 170 662 862 1208 3284
197 0 16 54 2036
198 110 1036
199 230 506
200 0 70 216 544 1638
201 2 4 32 3454
202
203 0 4 6 18 24 60 186 650 1956 4568
204 20
205
206 0 2 12 34 108 182 226 552 684 1142 3432
207 14
208 4 104 170 746 1208
209 0
210 4
211 2
212 0 6
213
214 70 1876
215 0 4 16 18 54 130 344 396 1038 2426
216 2 16 92 1468
217 4
218 0 20 66 2060
219 94 1478
220
221 0 2 6 12 42 3248
222 4
223
224 0 4 14 18 48 116 354 418 1260 2944
225
226 2 34 182 824 4132
227 0 20 66 2234
228
229 4
230 0 6 24
231 2 4 32 4564
232
233 0 148 356 450 1074
234 16 86 94 1688 1840
235 16
236 0 2 4 12 18 32 46 102 144 224 242 678 732 1132 1586 3402 4764
237
238 4 46 3460
239 0 6
240
241 2 14 20 82 86 112 388 442 1510 1952 2044
242 0
243 4 34 256 680 4778
244 56 3020
245 0 4 18
246 2 98 356 502 1792
247
248 0 6 56 174 344 528 1038 3120
249
250 4 20 158 1160
251 0 2 12
252 4
253 16
254 0 16 54 3388
255
256 2 104 364 532 1832
257 0 4 6 18 24 60 78 186 346 564 1044 2440 3138
258 14
259 4
260 0
261 2
262
263 0 34 108 1864
264 4 20 158 1294
265
266 0 2 4 6 12 18 32 42 60 102 312 670 2016 3362 4708
267 164 1276
268
269 0
270
271 2 4 32
272 0 16 54 3886
273 4 16 20 70 130 158 434 508 1384 1676 3056
274
275 0 6 14 48 150 1478 4440
276 2 188 236 952 1192
277
278 0 4 18
279 176 1300
280 4 34 256 904
281 0 2 12
282 236 994
283
284 0 6 24
285 4 46 4964
286 2
287 0 4 18 20 46 66 70 144 158 216 480 508 1124 1530 1676 3378 3574
288
289
290 0 164 498 500 1506
291 2 16 92 2668
292 4 14 16 110 116 130 320 788 1918 2144 2258
293 0 6 98 280 300 846 906 2544
294 4 160 224 1138 1586
295
296 0 2 12 20 66 112 342 758 2280 3802
297
298 278 944
299 0 4 18
300 34 194 1366
301 2 4 32
302 0 6
303 56 4660
304 160 1696
305 0
306 2 4 32
307 56 4784
308 0 4 18
309 14
310 16 20 434 656
311 0 2 6 12 16 24 42 54 92 110 132 168 282 336 510 562 852 1014 1692 2144 2562 3048
312 484 596
313 4
314 0 146 444 658 1980
315 4 104 394 746 2776
316 2 94 482 614 3082
317 0 34 108 2710
318 176 1690
319 20
320 0 4 6 18 60 4868
321 2 148 406 752 2042
322 4
323 0 86 264 1168 3510
324
325 346 904
326 0 2 12 14 48 82 252 1246 3744
327 4
328
329 0 4 6 16 18 54 60 130 168 268 396 810 1194 1894 2436
330 16 86 190 1688 3664
331 2 94 482 674 3382
332 0 146 444 736 2214
333 20
334 4 46
335 0
336 2 4 32 46 242 1378
337 34
338 0 6 24 78 240 1406 4224
339
340
341 0 2 4 12 18 32 102 3316
342 20
343 4 14 116 2960
344 0
345 230 1528
346 2 70 362 980 4912
347 0 6 98 300 394 906 1188 3570
348 4 16 130 2726
349 16
350 0 4 18
351 2
352
353 0
354 34
355 4
356 0 2 6 12 20 42 66 112 204 342 364 1032 1098 1832 3300
357 4 194 274 1376 1936
358 278 1364
359 0 328 386 990 1164
360 14 70 310 1238
361 2 188 406 952 2042
362 0 4 18 56 174 314 410 948 1236 2216
363 104 3688
364 4
365 0 6 20 24 66 204 618 640 1926
366 2 56 292 1358
367 16
368 0 16 54
369 4 170 334 1208 2356
370
371 0 2 4 12 18 32 102 3926
372
373
374 0 6 34 108 330 1256 3774
375
376 2 4 32
377 0 14 48
378 4 190 314 1348 2216
379 20
380 0
381 2 170 500 862 2512
382 274 1576
383 0 4 6 18 46 60 144 438 994 2988
384 148 2924
385 4 46
386 0 2 12 16 54 92 282 1564 4698
387 16
388 20 526 850
389 0
390 4
391 2 34 182 2474
392 0 4 6 18 24 60 186 2434
393
394 14 98 268 1714 4604
395 0
396 2
397 4
398 0
399 4
400
401 0 2 6 12 42
402 20
403
404 0 4 18
405 16 110 226 2144 4348
406 2 4 16 32 92 130 662 740 3712
407 0
408
409
410 0 6
411 2 4 14 20 32 34 82 112 116 158 182 256 388 592 626 802 848 1292 1952 2734 3142 4252 4400
412 86
413 0 4 18 94 248 288 676 750 1754 2034
414
415
416 0 2 12
417
418 4
419 0 6 24 70 78 86 216 264 654 798 1968 2400
420 4
421 2 56 292 1798
422 0 104 318 1660 4986
423
424 16 110 248 2144 4766
425 0 4 16 18 20 54 56 66 130 158 174 396 410 434 480 1118 1236 1308 1354 3056 3360 4068
426 2
427 4
428 0 6 14 34 48 94 108 150 288 330 626 870 1646 1884 3586 4944
429 698 784
430
431 0 2 12
432 4 46 230 340 1628 2398
433 70
434 0 4 18 20 46 66 144 158 164 480 498 1124 1166 3378 3504 3838
435 226 2474
436 2
437 0 6
438
439 4
440 0
441 2 4 32
442
443 0 16 54
444 16 358 1634
445 14
446 0 2 4 6 12 18 24 32 42 60 102 132 186 312 628 942 1890 3152 4414
447
448 4 20 34 98 158 256 704 848 2320 3734
449 0
450
451 2
452 0
453 4
454
455 0 4 6 18 60
456 2
457 20 160 164 3746 3838
458 0 176 534 1168 3510
459
460 4
461 0 2 12
462 4 14 16 116 130 280 320 1978 2258 4808
463 16 146 224 2828 4310
464 0 6
465 34
466 2
467 0 4 18 160 188 486 570 1138 1334 3420 4008
468
469 4
470 0 104 318 2060
471 2 20 112
472 148 4420
473 0 6 24
474 4
475 310 2158
476 0 2 4 12 18 32 102
477 766 884
478 418 1624
479 0 14 48
480 20 56 506 1354
481 2 4 16 32 46 92 130 146 242 662 742 928 1040 2828 4652
482 0 6 16 54 168 4070
483 4 46 340 2036
484 56
485 0 34 108
486 2
487 596 1184
488 0 4 18
489 604 1178
490 4
491 0 2 6 12 42
492 70
493
494 0 20 66 458 526 1380 1584
495 4 98 704 1036
496 2 14 82
497 0 4 18 176 194 534 588 1250 1376 3756 4134
498
499
500 0 6 16 24 54 78 168 484 510 1458 1536 4380
501 2 16 86 92 442 1688
502 4 34 256 2914
503 0 20 66
504 4
505
506 0 2 12 70 216 362 698 1092 2100 3502
507 614 1246
508 86
509 0 4 6 18 60
510 94
511 2 4 32
512 0
513 14
514
515 0 236 714 1106 3324
516 2 4 32
517 20
518 0 4 6 18 60 110 336 788 1014 2370
519 16 358 2234
520 16
521 0 2 12 224 236 678 714 1132 1192 3402 3582
522 34
523 4 190 604 1348 4246
524 0 328 826 990 2484
525 4 94 676 1214
526 2 20 112
527 0 6 24
528
529 104
530 0 4 14 18 46 48 116 144 334 354 830 1008 2356 2496
531 2
532 4 46
533 0
534
535 148
536 0 2 6 12 42
537 4 110 788 1090
538 16
539 0 4 16 18 34 54 56 108 130 174 256 396 410 700 774 1118 1236 2106 2180 3360 4918
540 20
541 2
542 0 170 516 1694
543 56
544 4
545 0 6
546 2 4 32
547 14
548 0
549 20 98 386 2320
550
551 0 2 4 12 18 32 102
552 188 4780
553 4
554 0 6 24 170 194 516 588 1554 1770 4668
555
556 2
557 0 16 54
558 4 16 130
559 34
560 0 4 18
561 2
562 344 2726
563 0 6 20 66 204 4588
564 14
565 4 70 508 1870
566 0 2 12
567 4
568
569 0 488 656 1470 1974
570
571 2 190 962 1010
572 0 4 6 18 20 60 66 158 204 480 674 1446 2028 4736
573
574 4
575 0
576 2 16 34 92 182 280 700 1412 3512
577 16 104 488 2030
578 0 230 696 1430 4296
579 4 46 70 278 508 1964 3574
580
581 0 2 4 6 12 14 18 24 32 42 46 48 60 78 82 102 116 132 144 150 186 240 242 252 312 354 402 438 456 564 592 732 762 830 942 1068 1212 1320 1374 1698 1782 2202 2292 2496 2832 3210 3966 4128 4162
582 458 2200
583
584 0
585 740 1378
586 2 4 20 32 112 158 802 1276
587 0
588 4
589
590 0 6 86 264 798 1300 3906
591 2
592 356 2924
593 0 4 18
594
595 4 16 20 130 158 344 434 2426 3056
596 0 2 12 16 34 54 92 98 108 182 282 300 502 552 700 1512 1916 2106 3512 3734
597 86
598 14 56 1000 1066
599 0 6
600 4 268 566 1894 3980
601 2 164 832 1294
602 0 4 18 56 174 410 874 1236 2628
603
604
605 0 356 1016 1074 3054
606 2 346 628 1742 3152
607 4 94 676 1624
608 0 6 24
609 4 20 158
610
611 0 2 12
612 146
613 34 820 1366
614 0 4 16 18 54 130 396 2830
615 14 16 320 3508
616 2 4 32
617 0 6
618 20
619
620 0 160 486 2354
621 2 4 32
622 94
623 0 4 18 148 364 450 1054 1098 2566 3168
624 164
625
626 0 2 6 12 42
627
628 4 46
629 0
630 4 46 146 160 1040 1138
631 2 110 562 2110
632 0 14 20 48 66 388 1018 1170 3060
633 16 34 700 1706
634 16 226 274 4348
635 0 4 6 18 24 60 186
636 2 104 532 2264
637 4 176 968 1250
638 0 70 216
639 278 4354
640
641 0 2 12 20 66 112 342 3568
642 4
643
644 0 4 6 18 60
645 418 2960
646 2
647 0
648
649 4 14 116
650 0 34 98 108 110 300 336 3734 4178
651 2 4 32
652 16 70 916 1384
653 0 6 16 54 168
654 856 1490
655 20
656 0 2 4 12 18 32 102
657 56
658 4 188 968 1334
659 0 274 828 1564 4698
660
661 2 56 292 4438
662 0 6 24 78
663 4
664 20 226 248
665 0 4 18 230 268 696 810 1628 1894 4890
666 2 14 82
667
668 0 650 680 1956 2046
669
670 4 34 256
671 0 2 6 12 16 42 54 92 168 282 852 1576 4734
672 4 16 130
673 310 4336
674 0 346 1044 1298 3900
675 248
676 2 176 892 1528
677 0 4 18 46 144
678 20
679 4 46 86 314 620 2216 4358
680 0 6
681 2
682
683 0 14 48
684 4 104 746 1870
685
686 0 2 4 12 18 32 86 102 148 264 442 450 620 752 1054 1332 1866 2262 3112 3168
687 20 34 848 1660
688
689 0 6 24
690 16 224 328 4310
691 2 4 16 32 92 130 662 2150
692 0
693 4
694 194
695 0 314 948 1520 4566
696 2
697 98
698 0 4 6 18 60
699
700 4 14 116
701 0 2 12 20 66 112 342 4268
702
703
704 0 94 288
705 4
706 2 334 884 1682 4432
707 0 4 6 18 34 60 108 256 330 640 774 1926 2328 4498
708 506 2950
709 16
710 0 16 20 54 66 434 1150 1308 3456
711 2 70 362 4150
712 4 394 544 2776 3826
713 0
714 4
715 170
716 0 2 6 12 24 42 56 132 174 190 292 528 576 882 962 1590 1734 2652 2892
717 14
718
719 0 4 18 94 288 676 758 2034 2280
720 56
721 2 4 32
722 0
723 364 4268
724 20 34 848 1844
725 0 6 70 216 654 2396
726 2 4 32 46 242
727 170
728 0 4 16 18 46 54 130 144 396 566 928 1704 2790 3980
729 16
730 406 3904
731 0 2 12
732
733 4 20 158
734 0 6 14 48 150
735 4
736 2
737 0
738
739
740 0 4 18
741 2
742 4
743 0 6 24 78 104 188 318 570 960 1716 2886
744 34 110 394 4178
745 280
746 0 2 12
747 4 16 20 130 158 434 544 3056 3826
748 16 224 386 4310
749 0 4 18
750
751 2 14 82 98 194 502 982 1714 3346
752 0 6
753
754 4 236 1016 1670
755 0
756 2 4 20 32 112 158 802 2126
757
758 0
759 820 2096
760 236
761 0 2 4 6 12 18 32 34 42 60 102 108 146 182 256 312 330 444 552 742 774 1040 1292 1338 1662 2232 2328 3126 3882
762
763 4 110 788 2204
764 0 190 576 3020
765 1190 1468
766 2 16 92
767 0 16 54
768 4 14 86 116 164 620 1166 1510 2836
769
770 0 4 6 18 20 24 60 66 158 186 204 406 480 618 1224 1446 2860 3678 4344
771 2
772
773 0
774 148
775 4 46 56 86 340 410 620 2888 4358
776 0 2 12
777 4 46
778 856 2110
779 0 6 20 56 66 146 174 204 444 528 1338 1354 3424 4068
780 1010 1798
781 2 34 182
782 0 4 18
783 160
784 4 70 508 3604
785 0 14 16 48 54 320 966 1904
786 2 16 92
787
788 0 6 310 658 936 1980 2814
789 4
790
791 0 2 4 12 18 32 102 104 164 318 498 532 746 832 1166 1602 2244 2502 3504 3742
792
793 20 160 500 3746
794 0
795
796 2 4 32
797 0 6 24
798 4 34 70 98 256 508 704 2698 3734
799 484 3928
800 0
801 2 94 482 3964
802 14 20 388 4930
803 0 4 18
804 16
805 4 16 130 358 766 2524
806 0 2 6 12 42
807
808
809 0
810 4
811 2 230 1162 1690
812 0 4 18
813
814
815 0 6
816 2 20 94 112 176 482 892 2228 4114
817 4
818 0 34 108
819 4 14 116
820
821 0 2 12
822
823 16
824 0 4 6 16 18 24 46 54 60 78 130 144 168 186 240 396 438 510 564 726 928 1194 1320 1536 1698 2184 2790 3588 3966 4614
825 20
826 2 4 32 46 242 340 1190 1712
827 0
828
829 1210 1696
830 0
831 2 4 32
832
833 0 4 6 18 60
834 56
835 34
836 0 2 12 14 48 82 252
837 148
838 4 56 410
839 0 20 66
840 4
841 2
842 0 6 16 54 168
843 16
844
845 0 4 18
846 2
847 4
848 0 20 66
849 188
850 104
851 0 2 6 12 24 42 132
852 4 98 704 3076
853 14
854 0 4 18
855 34 176 328
856 2 650 670 3262 3362
857 0 70 86 110 216 264 336
858 826 2660
859 4 280 1114 1978
860 0 6 278 840 874 2526 2628
861 2 4 16 32 92 130 662 3340
862 16 20 434
863 0 226 684 3248
864 86
865
866 0 2 4 12 18 32 102
867 334
868 4
869 0 6
870 14
871 2 20 70 112 268 362 1352 1676
872 0 34 108
873 4 46
874
875 0 4 18 46 144
876 2 110 562 4070
877 824 2786
878 0 6 24
879
880 4 16 130 358 916 2524
881 0 2 12 16 54 92 282
882 4
883 784 2968
884 0 500 1506 1550 4656
885 20
886 2
887 0 4 6 14 18 48 60 116 150 354 1068 2200
888 170
889 4
890 0
891 2 194 982 2414
892 34
893 0 56 174 226 684 3478
894 4 20 158
895
896 0 2 4 6 12 18 32 42 60 102 312
897 56
898 94 104 230
899 0 16 54 98 300 418 1260 1916
900 16 170 736 3284
901 2 4 32
902 0
903 4
904 14
905 0 6 24 78
906 2
907
908 0 4 18 20 66 158 480
909 34 190 344
910 4 146 1040 2378
911 0 2 12 274 596 828 1382 1794 2992 4152
912
913 94
914 0 6
915 4 248 1426 1754
916 2
917 0 4 18 20 66 158 224 480 526 678 1584 1586 3700 4764
918 16
919 16
920 0 278 840 3008
921 2 14 82
922 4 46
923 0 6
924 4 46
925 148
926 0 2 12 248 680 750 1252 2046 3412 3762
927 1420 1808
928 146
929 0 4 18 34 108 256 774 3328
930 70
931 2 4 20 32 112 158 802 3226
932 0 6 24
933 614 4228
934 188
935 0 164 498
936 2 4 32 268 274 1352 1382 1894 1936
937 16
938 0 4 14 16 18 48 54 116 130 320 354 386 396 966 1164 2258 2720
939 670 3926
940 20
941 0 2 6 12 42
942 344
943 4
944 0 70 216
945 4
946 2 34 86 160 182 442 812 3290
947 0
948 194
949
950 0 4 6 18 60
951 2 356 1508 1792
952 4 56 410
953 0 86 98 264 300
954 20
955 14 346 458
956 0 2 12 16 54 56 92 160 174 282 292 486 812 882 1118 2442 3094 3360
957 4 16 104 130 190 746 1348 2030 3664
958 164
959 0 4 6 18 24 60 186
960
961 2
962 0
963 20
964 4 356 1106 2510
965 0 944 980 2838 2946
966 2 4 32 34 182 256 1292 2158
967
968 0 6
969 656 4270
970 110
971 0 2 4 12 18 32 46 102 144 242 732 3844
972 14
973 4 46
974 0
975 16 224 658 4310
976 2 16 92
977 0 6 20 66 204
978 4
979
980 0 4 18
981 2
982 1546 1864
983 0 34 108
984
985 4
986 0 2 6 12 20 24 42 66 78 112 132 204 310 342 402 618 936 1032 1562 1860 2814 3102 4692
987 4 484 854 3406
988 148
989 0 14 48 110 336 506 1524 1918
990 364
991 2
992 0 4 18
993 236
994 4 16 130
995 0 6 16 54 94 168 176 288 534 870 1608 1840 3398
996 2 314 1582 1874
997
998 0
999 4 236 1670 1786
1000 20 98 1288 2320
1001 0 2 4 12 18 32 102
1002
1003 34 70 1114 2698
1004 0 6
1005 104
1006 2 4 14 32 82 116 592
1007 0
1008 4 640 674 4498 4736
1009 20
1010 0 94 288
1011 2 56 292
1012 314
1013 0 4 6 16 18 24 54 60 130 168 186 396 510 854 1194 2568 3588
1014 16
1015 4 56 410
1016 0 2 12
1017 70
1018
1019 0
1020 4 34 46 256 1718 1810
1021 2 328 1652 1886
1022 0 4 6 18 46 60 144 438
1023 14 20 346 388 526
1024
1025 0
1026 2
1027 4
1028 0 280 846 3730
1029 4
1030
1031 0 2 6 12 42
1032 16 20 434
1033 16
1034 0 4 18 176 534 850 1250 2556 3756
1035 86
1036 2 4 32
1037 0
1038
1039 1720 1876
1040 0 6 14 24 34 48 108 150 188 330 456 570 626 996 1716 1884 3244
1041 2 4 32
1042 86
1043 0 4 18 334 458 1008 1380 2356 3224
1044 230
1045
1046 0 2 12 20 66 112 342
1047
1048 4
1049 0 6
1050 4
1051 2 16 92
1052 0 16 54
1053 824 4018
1054 98
1055 0 4 18 20 66 158 480
1056 2
1057 4 14 34 116 256 626 758 4400
1058 0 6
1059 146
1060 488
1061 0 2 12 170 516 862 1298 2592 3900
1062 4
1063
1064 0 4 18 104 318 746 1508 2244 4530
1065
1066 2 418 1616 2102
1067 0 6 24 78 240
1068 488
1069 4 20 46 158 1124 3038
1070 0 16 54 56 174 1018 1118 3060 3360
1071 2 4 16 32 46 92 130 242 662 736 928 3692 4652
1072
1073 0 170 516
1074 14 56 1000 3446
1075
1076 0 2 4 6 12 18 32 42 60 70 102 148 216 312 362 450 508 654 752 1054 1092 1356 1530 2262 2552 3168 3282 4596
1077 34 146 628
1078 4 20 158
1079 0
1080
1081 2
1082 0
1083 4 110 788 4444
1084
1085 0 4 6 18 60
1086 2 596 1178 2992
1087
1088 0 194 588
1089 16
1090 4 16 70 130 364 508 1384 2566
1091 0 2 12 14 48 82 252
1092 4 20 94 158 226 676 1600 2228
1093 1616 2210
1094 0 6 24 34 108 330 996 3590
1095
1096 2 604 1184 3032
1097 0 4 18
1098 1214 2968
1099 4
1100 0
1101 2 20 98 112 310 502 1562 2320
1102 110 164 190
1103 0 6
1104 4
1105
1106 0 2 4 12 18 32 102
1107 94
1108 14 16 320
1109 0 16 54 160 394 486 1188 3094
1110
1111 2 4 32
1112 0 6 104 318 960 3848
1113 4
1114 34
1115 0 20 66
1116 2
1117
1118 0 4 18 46 144 340 1026 3640
1119 160
1120 4 46
1121 0 2 6 12 24 42 132
1122 226
1123
1124 0 20 66 86 264 614 1848 2044
1125 4 14 116 164 188 1166 1334 2836 3244
1126 2
1127 0 4 16 18 54 130 396
1128 16
1129 56
1130 0 6 604 698 1818 2100
1131 2 34 86 182 230 442 1162 3290
1132 4
1133 0 56 174
1134 4
1135
1136 0 2 12
1137 386
1138 20
1139 0 4 6 18 60 148 406 450 1054 1224 1356 2860 3168 3678
1140
1141 2 4 32 278 394 1402 1964 1982 2776
1142 0 14 48 268 280 810 846 4604 4808
1143
1144 224
1145 0 194 588
1146 2 4 16 32 92 130 662
1147 16 20 434
1148 0 4 6 18 24 60 78 186 564
1149 70 740
1150 190
1151 0 2 12 34 108 182 552
1152 1288 3080
1153 4
1154 0
1155 4 98 704
1156 2
1157 0 6
1158
1159 14
1160 0 4 18
1161 2 20 112
1162 4
1163 0 70 216
1164
1165 16
1166 0 2 6 12 16 42 54 92 168 248 282 358 750 852 1080 1252 1802 2256 3246 3762 4766
1167 4 46
1168 34
1169 0 4 18 46 144 340 566 1026 1704 2398 3980
1170 20
1171 2 104 532
1172 0
1173
1174 4 176 1250 3296
1175 0 6 24
1176 2 4 14 32 82 116 592
1177 248
1178 0
1179 406
1180
1181 0 2 4 12 18 32 102
1182
1183 4
1184 0 6 16 20 54 66 168 204 434 1066 1308 3204 3930
1185 16
1186 2 328 1652 2546
1187 0 904 1550 2718 4656
1188 4 34 56 256 274 410 1936 2180
1189 94
1190 0 4 18
1191 2
1192 56
1193 0 6 14 20 48 66 150 204 388 1170 1210 3516 3636
1194
1195 4
1196 0 2 12 110 336 562 1692 2528
1197 4
1198
1199 0
1200
1201 2 278 1402 3076
1202 0 4 6 18 24 60 98 186 224 300 678 704 906 1586 2040 2118 2724 4764
1203 16
1204 4 16 94 130 334 676 1840 2356
1205 0 34 108
1206 2
1207 20 268 698
1208 0 146 444
1209 4
1210 14
1211 0 2 4 6 12 18 32 42 60 102 312
1212 1150 3818
1213 86 176 274
1214 0
1215 110
1216 2 4 20 32 46 112 158 242 784 802 1124 3932
1217 0 506 1524 2906
1218 4 46
1219 104
1220 0 6 86 264 798
1221 2
1222 16 70 1384 3226
1223 0 4 16 18 54 130 396
1224
1225 4 34 256
1226 0 2 12 146 444 742 2014 2232
1227 14 148 1756 2564
1228 656
1229 0 6 24 78
1230 4 20 158
1231 2 188 952 4756
1232 0 4 18 236 714 904 1670 2718
1233 1868 2434
1234 170
1235 0
1236 2 70 362
1237 4 628 1036 4414
1238 0 6 236 714 2134 2148
1239 4 20 158
1240
1241 0 2 12 16 54 92 282 358 850 1080 1802 2556 4262
1242 16 34 700
1243
1244 0 4 14 18 48 116 354
1245 944 4906
1246 2 4 32 170 766 862 1208 3842
1247 0 6 56 174 528
1248
1249 674
1250 0
1251 2 4 32 56 292 410 2062 2270
1252
1253 0 4 18 20 66 158 480
1254
1255
1256 0 2 6 12 24 42 98 132 300 344 502 906 1038 1512 1732 2724 3120 4542
1257
1258 4
1259 0 544 1638 2894
1260 4 16 130
1261 2 14 16 82 92 320 1612 2950
1262 0 20 34 66 108 848 1868 2550
1263
1264
1265 0 4 6 18 46 60 144 438
1266 2
1267 4 46
1268 0
1269 164
1270
1271 0 2 12
1272 4 160 1138 4250
1273
1274 0 4 6 18 60
1275 1718 2830
1276 2 20 112
1277 0 230 696
1278 14 104 1816 2690
1279 4 16 34 130 256 700 994 4918
1280 0 16 54
1281 2 4 32
1282 160
1283 0 6 24
1284 1858 2654
1285 20 194 1090 4528
1286 0 2 4 12 18 32 94 102 288 482 484 676 1452 1458 2034 2432 3392 3406
1287
1288 4
1289 0 344 1038 4784
1290 148
1291 2
1292 0 6 164 498 1500 3328
1293 4
1294 544
1295 0 4 14 18 48 70 116 190 216 354 508 576 1238 1348 1530 3278 3720 4050
1296 2 500 2000 2512
1297 566
1298 0 16 54
1299 16 20 34 310 434 700 848
1300 4
1301 0 2 6 12 42 94 288 482 870 1160 1452 3486 4362
1302 4 86 620
1303 98
1304 0 346 1044 4868
1305 1256 4054
1306 2 56 292
1307 0 4 18
1308 20
1309 4 70 86 110 508 620 788
1310 0 6 24 56 78 174 240 356 528 1074 1590 3228 4776
1311 2 280 1412 3640
1312 14
1313 0 314 948
1314 4 46
1315
1316 0 2 4 12 18 32 34 46 102 108 144 182 188 242 256 552 570 732 774 952 1292 1334 1810 2862 3882 4008
1317 16
1318 16
1319 0 6
1320 418
1321 2 4 32 226 650 1142 1600 3262 4568
1322 0 20 66
1323 4 356 2086 2510
1324
1325 0
1326 2 104 532
1327 386
1328 0 4 6 18 60 110 336 740 788 1014 2226 2370
1329 14 314 980
1330 4
1331 0 2 12 20 66 112 342
1332
1333 1430 3716
1334 0
1335 4
1336 2 16 34 92 182 700 1520 3512
1337 0 4 6 16 18 24 54 60 130 168 186 396 510 1194 1490 3588 4476
1338
1339
1340 0
1341 2
1342 4 194 1376 3914
1343 0 190 576
1344 4
1345 20
1346 0 2 6 12 14 42 48 82 150 252 762
1347
1348
1349 0 4 18
1350 640
1351 2 4 32 226 680 1142 1600 3412 4778
1352 0 328 990
1353 34 176 826
1354 20
1355 0 6 16 54 168
1356 2 4 16 32 92 130 662
1357 98 146 364
1358 0 4 18
1359
1360
1361 0 2 12
1362
1363 4 14 46 116 830
1364 0 6 24 230 696 884 2094 2658
1365 4 46 56 410 1930 2888
1366 2
1367 0
1368 20 70 1676 3340
1369 56
1370 0 4 18
1371 2 224 1132 4964
1372 4 346 2308 2440
1373 0 6 34 108 330
1374 16
1375 16 146 2000 2828
1376 0 2 12
1377 4 20 158
1378 148
1379 0 4 18
1380 14 334 994
1381 2
1382 0 6 70 216 654
1383 94
1384 4
1385 0 104 318
1386 2 4 32
1387 500
1388 0
1389
1390 34
1391 0 2 4 6 12 18 20 24 32 42 60 66 78 86 102 112 132 158 186 204 264 312 342 402 442 480 564 618 620 798 802 942 1032 1332 1446 1860 1866 2044 2400 2412 2832 3102 3112 4002 4344
1392 176
1393 4 16 130
1394 0 16 54
1395
1396 2
1397 0 14 48
1398 4 86 94 620 676
1399
1400 0 4 6 18 20 60 66 158 204 480 1446 4054
1401 2
1402
1403 0
1404 98
1405 4
1406 0 2 12
1407 4 170 1208 4900
1408
1409 0 6
1410 34
1411 2
1412 0 4 16 18 46 54 130 144 396 928 2138 2790
1413 16 268 1160
1414 4 14 20 46 116 158 310 388 830 1124 2188 2734
1415 0
1416 2 458 2302 2606
1417 248
1418 0 6 24
1419 4 170 1208 4984
1420
1421 0 2 4 12 18 32 102
1422 110 188 278
1423 20
1424 0 56 174
1425 280
1426 2 4 32
1427 0 6 34 108 330
1428 4 56 248 410 1754 3478
1429 224
1430 0
1431 2 14 16 82 92 320 1612 3800
1432 16
1433 0 4 18 104 318 746 2244 2738
1434
1435 4 160 1138
1436 0 2 6 12 42 164 498 820 832 1500 2466 2502 4112
1437 20
1438
1439 0
1440 4
1441 2 70 110 148 362 562 752
1442 0 4 18
1443 2138 2914
1444
1445 0 6 24 160 486 1420 1464 4266 4398
1446 2 20 112 526 2368 2642
1447 4 34 256
1448 0 14 48
1449 4 658 1358 4624
1450 16
1451 0 2 12 16 54 92 282
1452
1453
1454 0 4 6 18 60
1455 70
1456 2 4 32
1457 0 364 1098
1458 98
1459 164
1460 0 20 66
1461 2 4 32 46 242 340 1712 3730
1462
1463 0 4 6 18 46 60 144 438
1464 34
1465 14 274 1364 4706
1466 0 2 12
1467 1426 4514
1468 4
1469 0 16 20 54 66 434 1308 4934
1470 4 16 130
1471 2 236 1192
1472 0 6 24 78
1473
1474 484
1475 0 4 18
1476 2
1477 4 236 1670 3908
1478 0 268 810
1479 874
1480 86 94 758
1481 0 2 6 12 42
1482 4 14 116 194 278 1376 1964 3346 4774
1483 20 56 1354 4858
1484 0 4 18 34 108 256 774
1485
1486 2
1487 0 56 86 174 264 418 1260
1488 16 190 1808 3664
1489 4 16 130
1490 0 6 274 828 2490 2668
1491 2 4 32
1492 20 104 2458 2710
1493 0
1494 1168
1495 94
1496 0 2 4 12 18 32 102
1497
1498 4 506 1886 3560
1499 0 6 14 24 48 150 456
1500
1501 2 34 182
1502 0
1503 4
1504 458
1505 0 4 18 98 300 704 2118 3200
1506 2 20 112 146 394 742 1982 3424
1507 16 188 1874 3626
1508 0 6 16 54 168
1509 650
1510 4 46 230 596 1628 4190
1511 0 2 12
1512 4 46 340
1513 856
1514 0 70 216
1515 20
1516 2 14 82
1517 0 4 6 18 60 328 990 2314 2976
1518
1519 4
1520 0
1521 2 34 182
1522
1523 0
1524 4 146 1040
1525
1526 0 2 4 6 12 16 18 24 32 42 54 60 92 102 130 132 168 186 282 312 386 396 510 662 852 942 1164 1194 1942 1992 2562 2720 3498 3588
1527 16 358
1528 70
1529 0 20 66 148 450 670 2016 3470
1530
1531 2 4 32
1532 0 176 534
1533 4 14 116
1534 1036
1535 0 6 110 336 1014
1536 2 190 962
1537
1538 0 4 18 20 34 66 108 158 256 394 480 774 848 1188 2550 2776
1539 194
1540 4 104 746
1541 0 2 12 334 1008 1406 1682 4224
1542 56
1543
1544 0 6
1545 4 16 130
1546 2 16 56 92 292 1118 1276
1547 0 4 18
1548 406
1549
1550 0 14 48 226 614 684 1848 3890
1551 2 488 2452 2936
1552 4 20 158 526 1948 3700
1553 0 6 24 78 240 726
1554 4 110 788
1555
1556 0 2 12
1557
1558 34
1559 0 4 18 46 98 144 300 488 704 1470 2118 3434 4946
1560
1561 2 4 20 32 46 112 158 242 802 1124 1294
1562 0 6
1563
1564 16
1565 0 16 54
1566 2 4 32
1567 14
1568 0 4 18
1569 86
1570
1571 0 2 6 12 42 176 534 892 916 1608 2682 2754 4592
1572
1573 4
1574 0 766 2304 3218
1575 4 20 34 158 256 848 1246
1576 2 86 442
1577 0 94 288
1578
1579
1580 0 4 6 18 24 60 170 186 226 516 684 1208 1554 1600 2058 3630 4668 4806
1581 2
1582 4 820 1300
1583 0 16 54
1584 14 16 20 320 388 434 1010
1585
1586 0 2 12
1587 4 70 508
1588 406
1589 0 4 6 18 60
1590
1591 2
1592 0 94 148 170 288 450 516
1593 884
1594 4 280 1978 3844
1595 0 34 108
1596 2 4 32
1597 230
1598 0 6 20 66 160 204 224 486 678 1464 2040 3746
1599 104
1600 1546 4954
1601 0 2 4 12 14 18 32 48 56 70 82 102 116 174 216 252 292 354 362 410 508 592 882 1000 1092 1236 1238 1530 1782 2062 2552 3006 3720 4304
1602 16 358
1603 4 16 130 164 344 1166 2426 3170
1604 0
1605 56
1606 2 98 502
1607 0 6 20 24 66 204 618
1608 4 46 160 968 1138
1609 680
1610 0 4 18 46 144
1611 2
1612 34 310 670
1613 0 188 570
1614
1615 4
1616 0 2 6 12 42
1617 4
1618 14
1619 0
1620
1621 2 16 20 92 112 434 2182 3604
1622 0 4 16 18 54 130 396
1623
1624 4 1016 1106
1625 0 6
1626 2 164 832
1627
1628 0 656 1974 4018
1629 4 968 1168
1630 20 314 1090
1631 0 2 4 12 18 32 102
1632 34
1633 1256
1634 0 6 24 78
1635 14
1636 2 4 32 344 658 1732 2426 3302 4624
1637 0 856 2574 3116
1638 4
1639 736
1640 0 16 54
1641 2 16 92
1642
1643 0 4 6 18 60
1644 20
1645 4
1646 0 2 12 314 948 1582 1706 4752
1647 104
1648 110
1649 0 34 108
1650 4
1651 2 640 2540 3212
1652 0 4 6 14 18 48 60 116 150 354 1068
1653 20 346 1018
1654
1655 0 146 444
1656 2 224 1132
1657 4 46
1658 0 86 264
1659 4 16 46 130 928
1660 16 56 70 98 1118 1384 1916 4304
1661 0 2 6 12 24 42 132
1662
1663
1664 0 4 18 56 174 410 1236
1665 86
1666 2 4 32
1667 0 20 66 110 336 1066 2596 3204
1668 248
1669 14 34 356 626 1366
1670 0 6 784 1178 2358 3540
1671 2 4 32
1672
1673 0 4 18 146 444 1040 2680 3126
1674 70 94 1184
1675
1676 0 2 12 20 66 112 342
1677
1678 4 16 130
1679 0 6 16 54 168 194 248 588 750 1770 2256 3740 4766
1680 4 148 1054
1681 2 190 962
1682 0 356 1074
1683 328
1684 268
1685 0 4 18 596 674 1794 2028 4190 4736
1686 2 14 34 82 182 626 2708 3142
1687 4 826 1468
1688 0 6 24
1689 94
1690 20
1691 0 2 12
1692 4
1693
1694 0 4 18
1695
1696 2
1697 0 6 16 54 168
1698 16 188 2380 3626
1699 4 20 158
1700 0 1478 1948 4440
1701 2 4 32
1702
1703 0 14 48 278 604 840 1818 4774
1704 824
1705 1756 4954
1706 0 2 4 6 12 18 32 34 42 46 60 102 104 108 144 182 242 256 312 318 330 438 532 552 732 746 774 960 1292 1602 1662 1810 2202 2244 2328 3742 3882 3956 4812
1707 98
1708 4 46 280 628 1978 4414
1709 0
1710 236
1711 2 176 892
1712 0
1713 4 20 158
1714
1715 0 4 6 18 24 60 78 186 564
1716 2 16 92 236 386 1192 1942 4538
1717 16 334 1378
1718 0
1719 56
1720 4 14 116
1721 0 2 12 346 1044 1694 1742
1722 4 20 158
1723 34 56 2180 4076
1724 0 6 364 1098 2696 3300
1725 1364
1726 2 506 2542 3508
1727 0 4 18 310 936 1358 2188 4080
1728
1729 4 190 1348
1730 0
1731 2
1732
1733 0 6 70 216 654
1734 4
1735 16
1736 0 2 4 12 16 18 20 32 54 66 92 102 112 130 158 194 282 342 396 434 480 588 662 802 982 1308 1376 1992 2182 2412 2952 3056 3740 4134 4528
1737 14 604 874
1738 566
1739 0 1634 1844 4908
1740 2540 3568
1741 2 4 32 418 614 2102 2944 3082 4316
1742 0 6 24 274 828 1214 2490 3648
1743 4 34 148 230 256 1054 1628
1744 2798 3254
1745 0 20 66
1746 2
1747 70 86 1406
1748 0 4 18
1749 268
1750 4 176 1250
1751 0 2 6 12 42
1752
1753 170
1754 0 14 16 48 54 86 104 264 318 320 966 1510 1688 1816 2030 4536
1755 4 16 46 130 928
1756 2 1246 1478
1757 0 4 18 46 144
1758 1904 4858
1759 20
1760 0 6 34 108 330
1761 2 98 110 160 502 562 812
1762 4
1763 0 278 840
1764 4
1765 170
1766 0 2 12
1767 274
1768 20
1769 0 4 6 18 24 60 186
1770 164
1771 2 4 14 32 82 94 116 160 482 592 676 812 1138 1646 2768 3392
1772 0
1773 16 484 1016
1774 16
1775 0
1776 2 4 32
1777
1778 0 4 6 18 56 60 174 410 528 1236 2548 3714
1779 226
1780 34 110 2270 4178
1781 0 2 12
1782 20 56 1354
1783 4
1784 0
1785 4
1786 2 94 482
1787 0 6
1788 14
1789
1790 0 4 18
1791 2 20 112
1792 4 16 130
1793 0 16 54 164 498 1010 3036 3170
1794
1795
1796 0 2 6 12 24 42 78 132 240 402 1212
1797 4 34 256
1798
1799 0 4 18 500 916 1506 2754 3518
1800
1801 2
1802 0
1803
1804 4 46 146 188 340 1040 1334
1805 0 6 14 20 48 66 150 204 388 1170 2774 3516
1806 2 4 32 46 70 242 362 508 544 2552 2732 3574 3826
1807
1808 0 98 300
1809 226
1810 736
1811 0 2 4 12 16 18 32 54 92 102 130 282 396 662 1992 4928
1812 16
1813 4 104 746
1814 0 6 20 66 204
1815
1816 2
1817 0 34 108
1818 4 758 1858
1819
1820 0 4 18 70 216 508 1530
1821 2
1822 14 146 2530 3928
1823 0 6 24
1824 364
1825 4 224 1586
1826 0 2 12
1827 4
1828 20
1829 0
1830 16 230 2266 4424
1831 2 16 92 148 698 752 2866 3502
1832 0 4 6 18 60
1833 1720
1834 4 34 256
1835 0
1836 2 86 442
1837 20 56 1354
1838 0
1839 4 14 116
1840
1841 0 2 4 6 12 18 32 42 56 60 102 174 292 312 410 528 544 882 1236 1638 2062 2652 2732 3714 3826 4920
1842
1843 86
1844 0 854 2568 3964
1845
1846 2 4 32
1847 0
1848 4 328 2314 4418
1849 16
1850 0 6 16 24 54 168 510
1851 2 20 112
1852
1853 0 4 18 46 144
1854 34
1855 4 46 340
1856 0 2 12 14 48 82 252
1857 1930
1858 2210 4676
1859 0 6
1860 4 20 158
1861 2 104 532
1862 0 4 18 98 300 704 2118 4900
1863 1150
1864
1865 0 1276 2716 3834
1866 2 566 2842 3668
1867 4
1868 0 6 16 54 94 168 288 628 870 1840 1890
1869 4 16 130
1870 854
1871 0 2 12 34 108 182 552
1872 3164 3316
1873 14
1874 0 4 18 20 66 110 158 190 336 480 576 788 1348 2370 2596 4050 4436
1875 2696 3904
1876 2 4 32 194 982 1376 1528
1877 0 6 24 78 280 458 846 1380 2544 4146
1878 334
1879 70
1880 0 824 2478 4270
1881 2 4 32
1882 2386 4444
1883 0 4 18 20 66 94 158 224 288 480 676 678 1586 2034 2228 4764
1884
1885
1886 0 2 6 12 42
1887 16 656 850
1888 4 16 130 358 2524 4228
1889 0 188 570
1890 4 14 116 176 500 1250 3040 3518
1891 2 34 182
1892 0 740 2226 4814
1893 70 110 1300
1894 148
1895 0 4 6 18 60
1896 2 56 292
1897 4 20 158
1898 0 1294 2774 3888
1899
1900 56
1901 0 2 12
1902 4 46
1903 394
1904 0 4 6 18 24 46 60 144 186 438 1320
1905
1906 2 16 20 92 112 434 2182 4984
1907 0 14 16 48 54 320 966
1908 34 418 698
1909 4 98 704
1910 0
1911 2 4 32
1912 944
1913 0 6
1914
1915 386
1916 0 2 4 12 18 32 102
1917
1918 4
1919 0 248 750
1920 20 104 2458 4490
1921 2
1922 0 6 190 576 1734
1923 4
1924 14 160 2768 4004
1925 0 4 16 18 54 86 130 264 310 396 620 936 1688 1866 2188
1926 2 16 92 170 674 862 3284 3382
1927
1928 0 34 108
1929 20 176 2708 4114
1930 4 248 1754
1931 0 2 6 12 24 42 132
1932 4 86 620
1933 194
1934 0 160 486
1935 394
1936 2
1937 0 4 18 164 498 1166 3206 3504
1938 170
1939 4
1940 0 6
1941 2 14 82
1942 2374 4756
1943 0 20 66
1944 4 16 130
1945 16 34 700
1946 0 2 4 12 18 32 102
1947 314
1948 980
1949 0 6 236 714 2148
1950 344
1951 2 4 32 46 242
1952 0 20 66 70 216 1676 2266
1953 4 46 146 1040 1564
1954
1955 0 56 174 236 268 714 810
1956 2
1957 406
1958 0 4 6 14 18 24 48 60 78 116 150 186 354 456 564 1068 1190 1374 3210 3576
1959 56
1960 4 164 1166
1961 0 2 12 484 1458 1576 2432 4734
1962
1963 16 98 314 358 1916
1964 0 16 54
1965 4 34 94 256 458 676 3224 3586
1966 2 20 70 112 362 1378 1676
1967 0 4 6 18 60
1968 104
1969
1970 0
1971 2 146 742
1972 4
1973 0
1974 4 650 2554 4568
1975 14 20 388 526 1298
1976 0 2 6 12 42 230 696 1114 1162 2094 3348 3492
1977
1978
1979 0 4 18
1980 94
1981 2 4 32
1982 0 16 34 54 108 148 450 700 1366 2106 2866 4104
1983 16 344 1786
1984 278
1985 0 6 24
1986 2 4 32
1987 110
1988 0 4 18
1989 20
1990
1991 0 2 12 280 846 1412 2798 4242
1992 14
1993 4 640 2644 4498
1994 0 6
1995 4 188 1334
1996 2
1997 0 406 1224
1998 20
1999
2000 0 4 18 46 144
2001 2 16 92
2002 4 16 34 46 130 256 346 700 928 1810 2440 4918
2003 0 6 784 1696 2358
2004
2005
2006 0 2 12 110 336 562 1692
2007 4 506 3388 3560
2008 226
2009 0 4 14 18 48 116 354
2010 98
2011 2 1430 1690
2012 0 6 20 24 66 204 618
2013
2014 4 56 86 328 410 620 2314
2015 0 766 2304
2016 2 4 32
2017
2018 0 56 174
2019 34 274 1190
2020 16 268 2374
2021 0 2 4 6 12 16 18 20 32 42 54 60 66 86 92 102 112 130 158 168 204 264 282 312 342 396 434 442 480 620 662 798 802 852 1032 1194 1308 1332 1446 1688 1866 1992 2044 2182 2412 3056 3112 3930 4002
2022
2023 4
2024 0
2025 70
2026 2 14 82
2027 0 104 318
2028 4 356 2510 4906
2029
2030 0 4 6 18 60
2031 2
2032
2033 0
2034 680
2035 4 20 158
2036 0 2 12
2037 4
2038 226
2039 0 6 16 24 34 54 70 78 108 168 216 240 330 510 654 700 996 1384 1536 1968 2106 2698 2994 4158 4614
2040 16 310 2096
2041 2 356 1792
2042 0 4 18 488 1210 1470 3434 3636
2043 14
2044 4 20 158 274 278 1936 1964
2045 0 148 450
2046 2
2047
2048 0 6
2049 4 46
2050 488
2051 0 2 4 12 18 32 46 102 144 242 732
2052 224
2053
2054 0 334 1008
2055
2056 2 4 32 34 182 256 1292
2057 0 6
2058 4 16 20 130 158 434 3056 4150
2059 16
2060 0 14 48
2061 2
2062 94
2063 0 4 18 230 696 1628 2606 4890
2064 98
2065 4
2066 0 2 6 12 24 42 132
2067 20 190 2884 4436
2068
2069 0 176 534
2070 4 346 2440
2071 2 740 3460 3712
2072 0 4 18
2073 56 194 1106
2074
2075 0 6 104 318 960
2076 2 34 182
2077 4 14 16 56 94 116 130 320 410 676 1000 1118 1646 1840 2258
2078 0 16 54
2079 4
2080 188
2081 0 2 12 20 66 112 342 526 1584 1634 2642 4908
2082
2083 2126
2084 0 4 6 18 60
2085 1660
2086 2 4 32
2087 0 160 486
2088
2089
2090 0 20 66
2091 2 4 32 364 1018 1832 2566
2092
2093 0 4 6 18 24 34 60 108 186 256 330 774 996 1876 2328
2094 14 850 904
2095
2096 0 2 12 16 54 92 282
2097 16 160 3094 4256
2098 4 46 70 508 3574 3688
2099 0 170 516
2100 4 46 110 788 2386
2101 2
2102 0 6 146 444 1338
2103 86
2104 20 164 3454 3838
2105 0 4 18 386 1164 1624 2720 4878
2106 2
2107 4
2108 0 176 534
2109 596
2110 86 224 658
2111 0 2 6 12 14 42 48 82 98 150 170 252 300 502 516 762 862 906 1512 1554 1714 2592 2938 4542
2112 4 70 508
2113 20 34 848
2114 0 4 18
2115 16 190 3656 3664
2116 2 16 92
2117 0
2118
2119 4 110 788
2120 0 6 24 78 146 444 1114 1338 3348 4020
2121 2 4 32
2122
2123 0
2124
2125
2126 0 2 4 12 18 32 102
2127 20 164 3530 3838
2128 4 14 116
2129 0 6
2130 34 194 1864
2131 2
2132 0 56 174
2133 4 148 1054
2134 16 104 2030
2135 0 4 16 18 54 130 396
2136 2 20 56 112 292 1354 2014
2137
2138 0 6
2139 904
2140 4
2141 0 2 12
2142 4
2143
2144 0
2145 14
2146 2
2147 0 4 6 18 24 46 60 144 186 340 438 1026 1320 1490 3084 4476
2148
2149 4 46
2150 0 20 34 66 108 848 2550
2151 2
2152
2153 0 16 54
2154 4 16 130
2155
2156 0 2 4 6 12 18 32 42 60 102 312
2157
2158
2159 0 20 66 94 288 2086 2228
2160 280
2161 2 4 32
2162 0 14 48 418 650 1260 1956
2163 4
2164
2165 0 6 98 300 906
2166 2
2167 34 614
2168 0 4 18
2169
2170 4 248 1754
2171 0 2 12 70 216 362 1092
2172 16
2173 16 20 434
2174 0 6 24 94 288 870 2616
2175 4
2176 2
2177 0 4 18
2178
2179 14 328 2528
2180 0 2150 2204
2181 2 248 1252
2182 4 20 104 158 746 826 2458
2183 0 6
2184 4
2185 70
2186 0 2 12 188 570 952 2862
2187 34
2188 236
2189 0 4 18
2190
2191 2 4 16 32 56 92 130 292 364 410 662 1118 1832 2062 2566
2192 0 6 16 54 86 168 264 798 944 1688 2838
2193
2194 236
2195 0 56 174
2196 2 4 14 20 32 46 82 112 116 148 158 242 388 592 752 802 830 1054 1124 1952 2564 2734 3470 4162
2197
2198 0 4 18 46 144 340 1026
2199 86
2200
2201 0 2 6 12 24 42 78 132 402
2202 670
2203 4
2204 0 34 108
2205 4 20 158
2206 2
2207 0 1528 3178 4590
2208
2209 230
2210 0 4 6 16 18 54 60 130 168 396 1194
2211 2 16 92
2212 4 98 704
2213 0 14 48 110 336 1918 2546
2214
2215 334
2216 0 2 12
2217 4
2218 1520
2219 0 4 6 18 20 60 66 158 204 480 1446
2220 3404 4336
2221 2
2222 0 1798 2738
2223
2224 4 34 256
2225 0
2226 2 4 32 268 1352 1564 1894
2227
2228 0 6 20 24 66 204 618
2229 16
2230 14 16 320
2231 0 2 4 12 18 32 102
2232 110
2233 4
2234 0 1624 3064 4878
2235 506
2236 2 1468 2036
2237 0 6 226 684 2058
2238 4 310 2188
2239 1694
2240 0 4 18
2241 2 34 104 182 532 758 3802 3956
2242 20
2243 0
2244 70
2245 4 46
2246 0 2 6 12 42
2247 4 14 46 116 830
2248 16 176 3398 4454
2249 0 16 54 358 1080
2250 56 160 1576
2251 2 20 112 146 742 884 3424 4432
2252 0 4 18
2253 1066
2254 4 56 410
2255 0 6 24
2256 2 94 482
2257
2258 0 70 216
2259 4 820 2654
2260 160 190 484
2261 0 2 4 12 18 32 34 102 108 182 256 552 774 1292 3882 3944
2262
2263
2264 0 6 14 48 150 314 948 2850
2265 20 278 2378
2266 2 4 32 98 502 704 3532 4354
2267 0 16 54 226 684 1178 3540 4348
2268 4 16 130
2269 146
2270 0 194 588
2271 2 94 164 188 482 832 952
2272 170
2273 0 4 6 18 60
2274 20 280 2380
2275 4
2276 0 2 12 994 1036 2988 3114 4982
2277
2278 34
2279 0 224 678
2280 4 314 2216
2281 2 14 82 86 442 1510 2060
2282 0 4 6 18 24 60 78 186 240 564 726 1698 3058
2283 1184
2284 148 170 596
2285 0 670 2016
2286 2 16 92
2287 4 16 130 176 656 1250 3398 4610
2288 0 20 66 86 264 2044 2554
2289 4 104 746
2290
2291 0 2 6 12 42 268 810 1288 1352 2436 3870 4062
2292 680
2293
2294 0 4 18 46 144 164 498 640 1166 1926 3504 4498
2295
2296 2 4 32 46 230 242 274 1162 1382 1628 1936
2297 0 20 66 344 658 1038 1980
2298 14 34 626
2299
2300 0 6 394 1188 3570 4438
2301 2 4 32
2302 500
2303 0 4 18
2304 386
2305 16
2306 0 2 12 16 54 92 282
2307 566
2308 4 190 1348
2309 0 6 24 56 174 528 1590
2310 4 604 3764 4246
2311 2 20 112
2312 0 980 2946
2313 56 98 2690
2314
2315 0 4 14 18 34 48 108 116 256 354 626 774 1214 1884 3648 4400
2316 2
2317 4 70 508
2318 0 6
2319
2320 20
2321 0 2 12 274 828 1382 3886 4152
2322 4
2323 3404 4748
2324 0 4 16 18 54 130 358 396 1080 2134 2524
2325 16 278 3034
2326 2 110 562
2327 0 6 194 588 1770
2328 2998
2329 4 418 2944
2330 0 344 1038
2331 2 4 32 70 362 508 2552
2332 14 394 2414
2333 0
2334 20
2335 34
2336 0 2 4 6 12 18 24 32 42 60 102 132 186 312 942
2337 224
2338 4 458 3224
2339 0 628 1890
2340
2341 2
2342 0 1706 3206
2343 4 16 20 46 130 158 434 766 928 1124 3056
2344 16 604 1426
2345 0 4 6 18 46 60 110 144 328 336 438 788 990 1014 2314 2370 2976
2346 2
2347 148
2348 0 104 318
2349 14
2350 4 1420 1660
2351 0 2 12 346 1044 1742 3164
2352 4 34 256
2353 94 310 544
2354 0 6
2355
2356 2 874 3794 4382
2357 0 4 18 20 66 158 480
2358 614
2359 4
2360 0
2361 2
2362 16 674 1298
2363 0 6 16 24 54 78 168 510 1536
2364 4
2365 1150
2366 0 2 4 12 14 18 20 32 48 66 82 102 112 116 158 252 342 354 388 406 480 592 802 1170 1224 1782 1952 2042 2412 2734 2860
2367 98
2368 56 94 2936
2369 0
2370 86
2371 2 4 32
2372 0 6 34 56 108 174 330 528 856 2180 2574
2373 4
2374
2375 0
2376 2
2377 86 188 994
2378 0 4 18 736 1090 2214 3276
2379
2380 4 20 158
2381 0 2 6 12 16 42 54 92 168 282 852
2382 16
2383 14
2384 0
2385 4
2386 2
2387 0 4 18 356 1074 2264 2510
2388 544
2389 20 34 848
2390 0 6 24 70 216 654 1968
2391 2 334 1682
2392 4 46
2393 0 500 1506
2394 4 46
2395 3370
2396 0 2 12 104 318 532 1602
2397
2398 3674 4688
2399 0 4 6 18 60
2400 14 16 146 320 356 2530 2828
2401 2 4 16 32 92 130 662
2402 0
2403 20
2404 70 3250
2405 0 820 2466
2406 2 4 32 406 1210 2042 2860
2407
2408 0 4 6 18 60
2409 34
2410
2411 0 2 12
2412 20
2413 4 160 1138
2414 0 98 300
2415 4
2416 2
2417 0 6 14 24 48 150 456
2418 146
2419 16 346 2644
2420 0 4 16 18 54 130 396
2421 2 248 1252
2422 4
2423 0 160 486
2424
2425
2426 0 2 6 12 20 34 42 66 108 112 182 204 330 342 458 552 848 1032 1380 1662 2302 2550 4146 4252
2427 4 56 176 236 410 1250 1670
2428
2429 0 4 18
2430
2431 2 56 292
2432 0 248 750
2433 236
2434 4 14 116
2435 0 6 20 66 148 204 450 566 1356 1704 3470
2436 2 4 32
2437 1550
2438 0 16 54 164 498 1870 3170
2439 16 110 2144
2440
2441 0 2 4 12 18 32 46 102 144 242 732
2442 230
2443 4 46 280 1288 1978
2444 0 6 24 78
2445 170
2446 2 34 182
2447 0
2448 4 484 3406
2449 20
2450 0 4 18 94 288 676 2034
2451 2 14 82
2452
2453 0 6 190 576 1734
2454
2455 4 104 746
2456 0 2 12
2457 4 16 130 170 784 1208 3284
2458 16 20 110 364 434 2144 2596
2459 0 86 264
2460
2461 2 164 832
2462 0 4 6 18 60 188 570 1334 1508 1716 4008 4530
2463 34 70 2698
2464 4 1160 2234
2465 0 94 288
2466 2 86 176 226 442 892 1142
2467 194
2468 0 14 48 98 300 1714 3544
2469 4
2470
2471 0 2 4 6 12 18 24 32 42 60 102 132 186 312 942
2472 20
2473
2474 0 2396 2548
2475
2476 2 4 16 32 92 130 662
2477 0 16 54 70 216 1384 4158 4420
2478 4
2479
2480 0 6 884 2308 2658
2481 2 20 112
2482
2483 0 4 18 34 108 256 774
2484
2485 4 14 116
2486 0 2 12 56 174 292 882
2487 3758 4930
2488
2489 0 6
2490 4 46 56 340 410 916 2888
2491 2
2492 0 4 18 46 144
2493
2494 386
2495 0 16 20 54 66 434 1308
2496 2 16 92 226 856 1142 4292 4348
2497 4 268 1894
2498 0 6 24 148 450 1356 4074 4588
2499 4 628 4238 4414
