2500 34
2501 0 2 12 190 576 962 2892
2502 14
2503 104
2504 0 4 18 20 66 158 480 526 1584 1690 3700
2505 3674
2506 2 4 32 224 1132 1586 2368
2507 0 6
2508
2509
2510 0 328 990
2511 2 4 32
2512
2513 0 4 18
2514 16
2515 16 98 1916
2516 0 2 6 12 42 506 826 1524 2484 2542 4142 4578
2517
2518 4 20 158
2519 0 14 48
2520 4 34 256
2521 2
2522 0 2036 3116
2523 2354
2524 194
2525 0 4 6 18 24 60 78 186 240 564 1698
2526 2
2527 4 20 158
2528 0 1696 3758
2529 230
2530
2531 0 2 12 824 1546 2478 4132 4644
2532 4 698 3916 4904
2533 16 488 2060
2534 0 4 6 16 18 54 60 130 168 396 1194
2535
2536 2 14 70 82 362 1238 3106
2537 0 34 108
2538
2539 4 46
2540 0
2541 2 4 20 32 46 112 158 242 340 488 802 1124 1712 2452 3434
2542
2543 0 6
2544
2545 56
2546 0 2 4 12 18 32 102 278 656 840 1402 1964 1974 3292 4212 4610
2547 94
2548 4 86 620
2549 0 56 146 174 444 736 2214
2550 20 70 1676
2551 2 310 1562
2552 0 6 16 24 54 110 168 334 336 510 1008 1014 2144 3030 3048
2553 4 14 16 116 130 320 2258
2554 3736
2555 0 4 18 86 264 620 1866
2556 2
2557 34 280 1870
2558 0 364 1098
2559
2560 4
2561 0 2 6 12 42
2562 4 94 104 268 676 746 1894
2563
2564 0 20 66 224 678 1256 3774
2565
2566 2
2567 0 4 18 146 444 1040 3126
2568 188
2569 4 98 704
2570 0 6 14 48 150
2571 2 16 92 110 562 1844 2144
2572 16
2573 0 20 66 274 828 1036 3114
2574 4 34 256
2575 1508
2576 0 2 4 12 18 32 102 160 486 812 1138 1160 2442 3420 3486
2577
2578
2579 0 6 24 758 968 2280 2910
2580
2581 2 4 32 314 1582 1798 2216
2582 0
2583 4 418 2944
2584 3530
2585 0
2586 2 148 160 752 812
2587 14 20 388
2588 0 4 6 18 46 60 144 438
2589
2590 4 16 46 130 928
2591 0 2 12 16 54 92 282
2592
2593
2594 0 34 108
2595 4
2596 2 20 112
2597 0 4 6 18 60 314 948 1010 2216 2850 3036
2598 274
2599 3254
2600 0 968 2910
2601 2
2602 4
2603 0 674 2028
2604 4 14 56 116 410 1000 2894
2605 164
2606 0 2 6 12 24 42 78 132 176 278 402 534 840 892 1402 1608 2526 2682 4212 4830
2607
2608 56
2609 0 4 16 18 54 70 130 216 396 508 698 1384 1530 2100 4158 4904
2610 16 20 104 358 434 526 2030 2458
2611 2 4 32 34 182 256 1292
2612 0
2613
2614 874
2615 0 6
2616 2 4 32 98 502 704 3532
2617
2618 0 4 18 170 516 1208 3630
2619 20
2620
2621 0 2 12 14 48 82 252
2622
2623 4 70 508
2624 0 6
2625 4
2626 2
2627 0 650 1956
2628 16 164 3170
2629 16
2630 0 4 18 170 516 1208 3630
2631 2 34 182
2632 4
2633 0 6 20 24 66 204 618
2634
2635 740
2636 0 2 12 640 1926 2158 3212
2637 4 46 86 620 4358 4780
2638 14
2639 0 4 18 46 144
2640
2641 2
2642 0 6 20 66 204
2643 1016
2644 4 86 94 344 620 676 2426
2645 0 176 534
2646 2 4 32 190 962 1348 3106
2647 16
2648 0 16 34 54 108 700 2106
2649 148
2650
2651 0 2 4 6 12 18 32 42 60 102 312
2652
2653 4 188 1334
2654 0
2655 14
2656 2 20 112
2657 0
2658 4
2659 94
2660 0 4 6 18 24 60 186
2661 2
2662 2906
2663 0 56 174
2664 194
2665 4 20 110 158 788 1168 2596
2666 0 2 12 16 54 92 236 282 310 714 936 1192 1562 3582 4538 4692
2667 4 16 56 130 410 1118 2716
2668 34
2669 0 6 104 318 960
2670 98
2671 2
2672 0 4 14 18 48 116 236 248 354 714 750 1670 1754 4060 4264
2673
2674 4 1018 2998
2675 0 230 696
2676 2 328 1652
2677 344
2678 0 6
2679 4 20 158
2680
2681 0 2 4 12 18 32 102
2682 70
2683 248
2684 0 110 336
2685 16 34 358 700 1616
2686 2 4 16 32 46 92 130 242 662 928 4646 4652
2687 0 6 24 78
2688 4 20 46 158 1124
2689 14
2690 0
2691 2
2692 1904
2693 0 4 18 386 1164 2660 2720
2694 190
2695 4 226 1600
2696 0 2 6 12 42 70 216 362 654 1092 3282
2697 394
2698 146
2699 0
2700 4 346 2440
2701 2 854 4282
2702 0 4 18 20 66 158 480
2703
2704 16
2705 0 6 16 34 54 108 168 330 700 2106 3466
2706 2 14 82
2707 4 824 3794
2708 0 596 1794
2709 4
2710
2711 0 2 12 20 66 112 342
2712 1616
2713 3764
2714 0 4 6 18 24 60 186
2715
2716 2 4 32 146 742 1040 4240
2717 0 98 104 300 318 680 2046
2718 916
2719
2720 0
2721 2 4 32 194 982 1376 3218
2722 34 56 2180
2723 0 4 6 14 16 18 48 54 60 116 130 150 168 320 354 396 966 1068 1090 1194 2258 2904 3276
2724 16
2725 20 226 4226
2726 0 2 12 56 86 174 264 280 292 442 846 882 1332 1412 4242
2727 854
2728 4 334 2356
2729 0 394 1188
2730 4
2731 2
2732 0 6
2733 86 224 1106
2734 20
2735 0 4 18 46 144
2736 2 1066 4198
2737 4 46 148 1054 3034
2738 0 1808 4136
2739 160
2740 14 850 1550
2741 0 2 6 12 24 42 94 132 288 482 870 1452 1718 2616 4362
2742 4 16 34 130 256 700 4580 4918
2743 16
2744 0 4 18 506 1524 2110 3560
2745 2884
2746 2 356 1792
2747 0 484 1458
2748 20
2749 4 160 1138
2750 0 6 418 1260 3786
2751 2 4 32
2752
2753 0
2754
2755 70
2756 0 2 4 12 18 32 94 102 288 482 676 1452 2034 2234 3392
2757 14 20 388
2758 4
2759 0 6 34 108 188 330 356 570 1074 1716 3228
2760
2761 2 16 92
2762 0 16 54 230 696 1720 4424
2763 4
2764 3656
2765 0 4 18
2766 2 1430 3200
2767
2768 0 6 24 78 240 268 346 810 1044 2436 3138
2769 70
2770 4
2771 0 2 12 20 66 98 112 300 342 502 658 1512 1980 2320 3302
2772 4 164 1166
2773
2774 0 14 48
2775 406
2776 2 104 532
2777 0 4 6 18 60
2778 110
2779 4 34 256
2780 0 16 20 54 66 434 1308
2781 2 16 56 92 292 1118 4136
2782
2783 0
2784 4 46 614 766 4316
2785 56 176 2200
2786 0 2 4 6 12 18 32 42 46 60 102 144 242 312 438 732 2202
2787
2788 1786
2789 0
2790 784
2791 2 4 14 32 82 116 170 224 592 862 1132 1208 1586 2938 3856
2792 0 1016 3054
2793 4
2794 20
2795 0 6 24 164 498 1500 4506
2796 2 34 182
2797 110
2798 0 4 18
2799 16 458 2680
2800 4 16 130 148 1054 1168 2866
2801 0 2 12
2802
2803 20 170 3976
2804 0 6
2805 4 500 3518
2806 2 1010 4660
2807 0 4 18
2808 14
2809
2810 0 1358 4080
2811 2
2812 4
2813 0 6
2814 4 740 4564
2815 86 406 650
2816 0 2 12 34 108 182 552
2817 20
2818 16 98 1916
2819 0 4 16 18 54 130 396
2820 3058
2821 2 4 32
2822 0 6 24 86 264 798 2400
2823
2824 104 176 1246
2825 0 14 48 364 1098 1276 3834
2826 2 4 20 32 112 158 802
2827 278
2828 0 4 18 70 216 508 1530
2829 2434
2830 1490
2831 0 2 6 12 42
2832 1364
2833 4 34 46 256 268 340 1810 1894 2398
2834 0
2835 4 46
2836 2
2837 0 16 54
2838 16 94 1840
2839 190
2840 0 4 6 18 20 56 60 66 158 174 204 280 410 480 528 846 1236 1354 1446 1978 2544 3714 4068
2841 2 328 1652
2842 4 14 70 116 508 1238 2786
2843 0
2844 56 188 2150
2845
2846 0 2 12
2847 4 146 1040
2848
2849 0 4 6 18 20 24 60 66 78 158 186 204 480 564 618 1446 1860 1864 4344
2850 274
2851 2 1178 4126
2852 0
2853 34 94 3586
2854 4
2855 0
2856 2 4 16 32 92 130 662
2857 16
2858 0 6 1294 2096 3888
2859 14 944 1520
2860
2861 0 2 4 12 18 32 102 194 588 982 1184 1376 2952 3558 4134
2862
2863 4 20 158
2864 0 310 936
2865 146
2866 2
2867 0 6
2868 4 1420 2474
2869
2870 0 4 18 34 108 256 774
2871 2
2872 20 98 2320
2873 0 1874 4394
2874
2875 4 16 130 274 670 1936 4708
2876 0 2 6 12 14 16 24 42 48 54 82 92 132 150 168 252 282 320 456 510 566 762 852 966 1612 1704 2292 2562 2842 2904 4842
2877 4
2878 3064
2879 0
2880
2881 2
2882 0 4 18 46 144
2883 104 386 596
2884 4 46 340
2885 0 6 1300 2126 3906
2886 2 20 112
2887 190 278 458
2888 0 148 450
2889 4 334 2356
2890 34
2891 0 2 4 12 18 32 102 110 336 562 788 1692 2110 2370 3952
2892 1256
2893 14
2894 0 6 16 54 168
2895 16 20 434
2896 2 4 32 500 1426 2512 3518
2897 0
2898 4 314 2216
2899 56
2900 0 544 1638
2901 2 70 362
2902 160
2903 0 4 6 18 24 56 60 174 186 410 528 1236 1590 2264 3714
2904 86
2905 4 236 1670
2906 0 2 12
2907 34
2908 230
2909 0 20 66
2910 4 14 110 116 788 1886 1918
2911 2 86 236 442 1192
2912 0 4 6 18 60 160 486 1138 1464 2474 3420
2913 16
2914 16 314 4226
2915 0 70 216
2916 2
2917 4 604 4246
2918 0 20 66 194 588 1876 4528
2919 4 98 704
2920
2921 0 2 6 12 42
2922
2923 248
2924 0 4 18 226 684 1600 4806
2925 364
2926 2 4 32
2927 0 14 34 48 108 626 1884
2928
2929 3850
2930 0 6 24 78
2931 2 4 32 46 104 242 532 746 980 3742 4912
2932 16 20 434
2933 0 4 16 18 46 54 130 144 396 928 2790
2934 248
2935 94 484 544
2936 0 2 12
2937 640
2938 4
2939 0 6 164 498 1500
2940 4
2941 2 20 112
2942 0
2943
2944 14 34 626
2945 0 4 18
2946 2 656 3292
2947 4 850 4360
2948 0 6
2949
2950 94 188 1406
2951 0 2 12 16 54 92 148 282 450 604 752 1818 2262 2866 3032
2952 4 16 130
2953
2954 0 4 18 226 684 1600 4806
2955 20
2956 2
2957 0 6 24
2958 56 658 670
2959 4 1214 3080
2960 0 224 678
2961 2 4 14 32 82 116 592
2962 56 164 2668
2963 0
2964 20 34 170 176 848 3976 4114
2965
2966 0 2 4 6 12 18 32 42 60 102 312
2967 4720
2968 4
2969 0
2970 16 628 2204
2971 2 16 92 358 1802
2972 0
2973 4 98 704
2974 70
2975 0 4 6 18 60 614 680 1848 2046 4316 4778
2976 2 170 862
2977 2354
2978 0 14 20 48 66 388 1170
2979 310
2980 4 46
2981 0 2 12 34 108 182 552
2982 4 46
2983
2984 0 6 24
2985
2986 2 1756 3038
2987 0 4 18 20 66 158 480
2988 70
2989 4 16 130
2990 0 16 54 104 318 2030 4394
2991 2 344 1732
2992
2993 0 6 86 264 798
2994 4
2995 14 230 3958
2996 0 2 4 12 18 32 102 146 444 742 1040 1718 2232 3126
2997
2998
2999 0
3000 86
3001 2 4 20 32 34 112 158 182 256 802 848 904 1292 4252 4532
3002 0 6 758 2280 3944
3003 4 176 1250
3004 110 418 566
3005 0 1246 3744
3006 2
3007 328
3008 0 4 16 18 54 130 396
3009 16 280
3010 4 20 158
3011 0 2 6 12 24 42 78 132 240 402 726 826 1212 2184 2484 3642 4142
3012 14
3013
3014 0 146 444
3015 4
3016 2 1150 4730
3017 0 4 18 56 174 410 1236
3018 34 224 3250
3019
3020 0 6 98 300 906
3021 2 56 292
3022 4
3023 0 110 336
3024 4 20 158 344 488 2426 3434
3025 506
3026 0 2 12
3027 16
3028 16
3029 0 4 6 14 18 46 48 60 116 144 150 354 438 830 1068 2496 3668
3030 2710
3031 2 4 32 46 242
3032 0 94 190 288 488 576 1470
3033 20 526
3034
3035 0 188 570
3036 2 4 32
3037
3038 0 4 6 18 24 34 60 104 108 186 256 318 330 746 774 960 996 1366 2244 2328 2886 3956 4104
3039 148 268 674
3040
3041 0 2 12
3042
3043 4
3044 0
3045 4
3046 2 14 16 82 92 320 358 904 1612 1802 4532
3047 0 6 16 20 54 66 70 94 168 204 216 288 434 654 870 1308 1384 1676 1840 2228 3930 4158
3048
3049 346
3050 0 4 18
3051 2
3052 4
3053 0
3054
3055 34
3056 0 2 6 12 20 42 66 112 204 342 1032
3057 4
3058 194
3059 0 4 18
3060
3061 2 70 362
3062 0
3063 14
3064 4
3065 0 6 16 24 54 160 168 334 486 510 1008 1464 3030 3094 4398
3066 2 4 16 32 92 130 662
3067
3068 0
3069
3070 20
3071 0 2 4 12 18 32 102
3072
3073 4
3074 0 6 98 300 906
3075 34 160 4700
3076 2 56 292
3077 0 2726 3466
3078 4 46
3079 20
3080 0 4 14 18 46 48 56 116 144 174 190 354 410 576 830 1000 1236 1348 2496 2888 3006 3278 4050
3081 2
3082 86 386 820
3083 0 6
3084 16
3085 4 16 130
3086 0 2 12
3087 4
3088 1358
3089 0 86 264
3090 2200
3091 2
3092 0 4 6 18 24 34 60 78 108 186 256 330 564 774 996 1364 2328 2994 4098
3093 20 1114
3094 4 394 2776
3095 0 3008 3178
3096 2
3097 14 104 1816
3098 0 1378 4140
3099 4
3100
3101 0 2 4 6 12 18 32 42 60 102 312
3102 20 148 3470
3103 16
3104 0 16 54 268 810 1868
3105 356
3106 2 4 32 164 832 1166 4948
3107 0
3108 4 278 1964
3109
3110 0 6
3111 2
3112 34 766 1018
3113 0 4 18
3114 14
3115 4 194 1376
3116 0 2 12 20 66 112 342
3117 110 346 736
3118 356
3119 0 6 24
3120 4 70 508
3121 2 98 502
3122 0 4 16 18 54 130 396
3123 16 280
3124 2396
3125 0 20 66
3126 2 394 1982
3127 4 46 274 1936 2158
3128 0 6
3129 4 34 46 94 164 256 676 1166 1810 3586 4750
3130 628
3131 0 2 12 14 48 82 252
3132
3133 1868
3134 0 4 18 70 216 508 1530
3135 56
3136 2 4 32 110 562 788 3952
3137 0 6 170 516 1554
3138 884
3139 20 56 526 944 1354
3140 0
3141 2 4 16 32 92 130 188 230 662 952 1162 1334 1628 3626 4424
3142 16
3143 0 4 18 176 534 1250 3756
3144 94 236 1276
3145 104 146 1858
3146 0 2 6 12 24 42 132
3147
3148 4 14 20 116 158 388 2734
3149 0 34 108 170 516 1546 4644
3150 4 236 1670
3151 2 1190 4990
3152 0 274 828
3153 226
3154
3155 0 4 6 18 60
3156 2 1406 4238
3157 4
3158 0 1468 4410
3159
3160 16
3161 0 2 12 16 54 92 282
3162 4 20 158
3163 146
3164 0 4 6 18 60
3165 14
3166 2 34 182
3167 0
3168 278
3169 4
3170 0
3171 2 4 20 32 86 112 158 418 442 620 802 2044 2102 2944 3112
3172 328
3173 0 6 24 78
3174 248
3175 98
3176 0 2 4 12 18 32 46 102 144 242 340 732 1026 1712
3177 310
3178 4 46 86 620 4358
3179 0 16 54
3180 16
3181 2 1478 4096
3182 0 6 14 48 150 176 534 1106 1608 3040 3324
3183 4 226 1600
3184 406
3185 0 4 18 20 66 158 248 480 750 1754
3186 2 34 182
3187 224
3188 0
3189
3190 4 148 1054
3191 0 2 6 12 42
3192 4 364 2566
3193 70
3194 0 20 56 66 174 1354 4068
3195 1294
3196 2 1300 4700
3197 0 4 18
3198 16 56 1118
3199 4 14 16 116 130 320 2258
3200 0 6 24
3201 2
3202
3203 0 34 108
3204 4 104 746
3205 656
3206 0 2 4 12 18 32 102
3207 70
3208 20
3209 0 6
3210
3211 2 4 32
3212 0 1190 3576
3213 4
3214
3215 0 314 948
3216 2 14 82
3217 16 20 434
3218 0 4 6 16 18 54 60 130 168 396 1194
3219
3220 4
3221 0 2 12
3222 98
3223 34
3224 0 406 1224
3225 4 46 190 1348 3296
3226 2 94 188 334 482 952 1682
3227 0 4 6 18 24 46 60 144 186 340 438 1026 1320 3084 3370
3228 160 230 820
3229
3230 0 110 336
3231 2 20 112 314 856 1582 4292
3232 4
3233 0 14 48 698 874 2100 2628
3234 4 484 3406
3235
3236 0 2 6 12 16 42 54 92 168 282 852
3237 16 1114 1478
3238 160
3239 0 4 18
3240 20 34 848
3241 2 4 32 94 482 676 3392
3242 0
3243 2014
3244 784
3245 0 6 224 678 2040
3246 2 4 32
3247
3248 0 4 18
3249 110
3250 14
3251 0 2 12
3252 104
3253 4 56 148 410 506 1054 3560
3254 0 6 20 24 66 78 204 240 618 1860
3255 4 16 130 194 1210 1376 3740
3256 2 16 92
3257 0 56 174
3258
3259
3260 0 4 18 34 86 108 256 264 458 620 774 1380 1866 3224 3290
3261 2
3262 4
3263 0 6 20 66 204
3264
3265
3266 0 2 12 70 216 362 1092
3267 4 14 86 116 620 1510 3020
3268
3269 0 4 18
3270
3271 2
3272 0 6 386 1164 3498
3273 164 190 994
3274 4 16 46 130 928
3275 0 16 54
3276 2 4 32 46 98 242 502 704 1298 3532 4946
3277 20 34 848
3278 0
3279 640
3280 70 650 674
3281 0 2 4 6 12 18 24 32 42 60 102 132 186 312 942
3282
3283 4
3284 0 14 48
3285
3286 2 20 112
3287 0
3288 4 736
3289
3290 0 4 6 18 60
3291 2 2378 2726
3292 280 310 364
3293 0 16 54
3294 16 146 2828
3295 4 980 4730
3296 0 2 12 164 498 832 2502
3297 4 34 256
3298 1930
3299 0 6 1808 2000
3300 20
3301 2 14 82
3302 0 4 18
3303
3304 4
3305 0
3306 2 2210 2960
3307 596
3308 0 6 24 500 1506 2414 4524
3309 4 20 158
3310 170 268 698
3311 0 2 4 12 18 32 102 104 318 532 746 1602 2244 2924 3742
3312 16 56 146 194 1118 2828 3740
3313 16
3314 0 34 108
3315 1036
3316 2 4 32 56 292 410 2062
3317 0 6
3318 4 14 116
3319
3320 0
3321 2
3322 170 176 1066
3323 0 4 18 20 46 66 94 98 144 158 288 300 480 676 704 1124 2034 2118 2228 2320 3378 4750 4946
3324
3325 4 46
3326 0 2 6 12 42
3327
3328
3329 0
3330 4
3331 2 16 92
3332 0 4 16 18 20 54 66 130 158 188 358 396 434 480 570 1080 1308 1334 2524 3056 3626 4008 4390
3333
3334 34
3335 0 6 14 24 48 78 150 456 1374
3336 2
3337 4
3338 0 94 288 328 344 990 1038
3339 4 70 508
3340 758
3341 0 2 12 148 450 752 2262
3342
3343 110
3344 0 4 6 18 60
3345 826
3346 2 4 20 32 112 158 802
3347 0 1378 4140
3348 458
3349 86
3350 0 16 54
3351 2 4 16 32 34 92 130 182 256 662 700 1292 1366 3512 4918
3352 14
3353 0 4 6 18 60 70 216 508 654 1530 4596
3354
3355 20 856 1706
3356 0 2 12 86 264 442 1332
3357
3358 4 824
3359 0 104 318
3360 4
3361 2 176 892
3362 0 6 24 110 336 1014 3048
3363
3364
3365 0 4 18
3366 2
3367 4 884
3368 0
3369 14 16 20 320 388 434 4580
3370 16
3371 0 2 6 12 34 42 56 108 174 182 292 330 344 528 552 882 1038 1662 1732 2180 2652 3120
3372 4 46
3373
3374 0 4 18 46 144 230 696 994 1628 2988 4890
3375 56 268 2134
3376 2 1634 4174
3377 0 98 300
3378 20 740 2000
3379 4
3380 0 6
3381 2 4 32
3382 226
3383 0 236 714
3384 1874
3385
3386 0 2 4 12 14 18 32 48 82 102 116 252 354 592 1782
3387 1886
3388 4 16 34 130 256 700 4918
3389 0 6 16 24 54 168 236 278 510 714 840 2148 2526 4538
3390 4594
3391 2 160 812
3392 0 20 66
3393 4
3394
3395 0 4 18
3396 2
3397
3398 0 6 346 1044 3138
3399 500
3400 4 680 4778
3401 0 2 12 20 66 112 160 342 486 614 812 1848 2442 3082 3746
3402 4 334 2356
3403 14
3404 0 148 274 450 828
3405
3406 2 280 1412
3407 0 4 6 16 18 54 60 130 168 358 396 1080 1194 1528 2524 3246 4590
3408 16 34 700
3409 4 916
3410 0
3411 2
3412 70 226 2086
3413 0
3414 4 224 1586
3415 20
3416 0 2 4 6 12 18 24 32 42 60 78 102 132 186 312 402 564 942 2832
3417 188
3418 104 190 1694
3419 0 2914 4004
3420 14 94 1646
3421 2 4 32 46 242
3422 0 484 1458
3423 4 46
3424 20 98 2320
3425 0 6 34 108 248 330 418 750 1260 2256 3786
3426 2 16 70 92 362 1384
3427 16
3428 0 4 18
3429 274
3430 4 56 410
3431 0 2 12
3432 658
3433
3434 0 6 56 174 528
3435 4 94 676
3436 2 248 1252
3437 0 4 14 18 48 116 354
3438 20 86 2044
3439
3440 0 164 498
3441 2
3442 4
3443 0 6 24 146 444 1338 4020
3444 4 1430 3544
3445 16 34 86 566 700 1688 3290
3446 0 2 12 16 54 92 282
3447 20 544 2830
3448 1178
3449 0 4 18 278 840 1964
3450
3451 2 4 32
3452 0 6 194 588 1770
3453
3454 14
3455 0
3456 2 4 32 110 562 788 3952
3457
3458 0 4 18
3459
3460
3461 0 2 6 12 20 42 66 112 146 204 230 342 444 696 742 1032 1162 1338 2094 2232 3424 3492
3462 34
3463 4 164 1166
3464 0 16 54 356 1074 1756
3465 4 16 130
3466 2 104 190 346 532 962 1742
3467 0
3468 650
3469
3470 0 4 6 18 20 24 46 60 66 144 158 186 204 438 480 618 1124 1184 1320 1446 3378 3558 4344
3471 2 14 82 386 1090 1942
3472 4 46 224 1586 3248
3473 0
3474
3475 110
3476 0 2 12
3477 4 356 2510
3478 98
3479 0 4 6 18 60
3480
3481 2
3482 0 34 108 544 596 1638 1794
3483 16 170 3284
3484 4 16 20 130 158 434 3056
3485 0 70 216
3486 2 4 32
3487
3488 0 6 14 48 150
3489 56
3490 310
3491 0 2 4 12 18 32 102 394 874 1188 1982 2628 2776 4382
3492 148
3493 4 20 56 158 410 1354 3850
3494 0
3495 170
3496 2
3497 0 6 24 78 240
3498 4
3499 34 70 2698
3500 0 4 18
3501 2 176 892
3502 16
3503 0 16 54 328 990 1948
3504
3505 4 14 116
3506 0 2 6 12 42
3507 4 20 158
3508
3509 0 194 588
3510
3511 2
3512 0 4 18
3513 4646
3514 4
3515 0 6 488 1470 4416
3516 2 20 112
3517 94
3518 0 1150 3456
3519 4 34 46 256 340 1810 2924
3520 1564
3521 0 2 4 12 16 18 32 46 54 92 102 130 144 242 282 396 662 732 928 1992 2660 2790 4652
3522 14 16 320
3523 188 394 488
3524 0 6 24 604 1818 2270
3525 98 104 3446
3526 2 4 32
3527 0 86 264
3528 4
3529
3530 0 20 66
3531 2
3532 94 314 1214
3533 0 4 6 18 60
3534 86 506 824
3535 4
3536 0 2 12 34 108 182 552
3537
3538
3539 0 14 20 48 66 388 1170
3540 4 16 130 176 1250 1576 3398
3541 2 16 92
3542 0 4 6 18 60
3543
3544
3545 0
3546 2
3547 4
3548 0 56 174 314 670 948 2016
3549 4
3550 968
3551 0 2 6 12 24 42 132
3552 56
3553 20 766 2138
3554 0 4 18 160 486 1138 3420
3555 148
3556 2 4 14 32 34 82 116 182 256 592 626 1292 1720 3142 4400
3557 0 740 2226
3558 70 604 854
3559 16 364
3560 0 6 16 54 168
3561 2 4 32
3562 20 526
3563 0 4 18 334 1008 2356
3564 160
3565
3566 0 2 12
3567
3568 4 46
3569 0 6 110 336 1014
3570 4 46 340 2398
3571 2 968 4852
3572 0 70 216
3573 14 34 104 566 626 1816 3956
3574
3575 0 4 18 280 846 1978
3576 2 20 112
3577 4 784
3578 0 6 16 24 54 78 168 510 1536
3579 16 98 1916
3580 640
3581 0 2 12 268 810 1352 4062
3582 4 1288 4256
3583
3584 0 4 18 854 2138 2568
3585 20
3586 2 1844 4174
3587 0 6
3588 110
3589 4
3590 0 14 48
3591 2 4 32
3592 146 418 614
3593 0 34 108 406 850 1224 2556
3594
3595
3596 0 2 4 6 12 18 32 42 60 102 312
3597 16
3598 4 16 130
3599 0 20 66
3600
3601 2 628 3152
3602 0
3603 4
3604
3605 0 4 6 18 24 60 186 310 656 936 1974 2188 2814 4610
3606 2
3607 14 56 164 230 1000 2836 3958
3608 0 20 66 188 570 2960 4390
3609
3610 4 34 146 256 1010 1040
3611 0 2 12 56 174 190 226 292 576 684 882 962 1142 2892 3432
3612 4 1036
3613
3614 0 6 94 288 870
3615
3616 2 16 86 92 442 1688 4636
3617 0 4 16 18 46 54 130 144 396 928 2790
3618
3619 4 46 658 1210 4624
3620 0
3621 2
3622 20 236
3623 0 6 86 264 798
3624 4 14 116
3625
3626 0 2 4 12 18 32 98 102 300 502 704 1512 2118 3532 3716
3627 1160
3628 236
3629 0 94 288
3630 34 164
3631 2 4 20 32 70 112 158 362 508 670 802 1676 2552 3362 4708
3632 0 6 24 104 318 960 2886
3633 4 406 2860
3634
3635 0 16 54
3636 2 16 92
3637 916
3638 0 4 18
3639
3640 4 1490 3800
3641 0 2 6 12 14 42 48 82 150 224 226 252 678 684 762 1132 1142 2040 2058 3402 3432 3856 3890
3642
3643 148
3644 0
3645 4 20 70 158 508 1676 3388
3646 2 268 1352
3647 0 4 18 34 108 256 774
3648
3649 194
3650 0 6
3651 2 1948 4096
3652 4
3653 0
3654 4 16 20 130 158 434 3056
3655 16
3656 0 2 12 170 516 862 2592
3657
3658 14 680 3454
3659 0 4 6 18 24 60 78 186 190 364 564 576 1098 1348 1734 2566 3300 4050
3660 3316
3661 2 4 32 386 1942 2720 2950
3662 0 1016 3054
3663 1298
3664
3665 0 1904
3666 2 4 32 46 56 242 292 410 2062 2786 2888
3667 34
3668 0 4 6 18 20 46 60 66 144 158 170 204 438 480 516 526 1124 1208 1446 1554 1584 3378 3630 3700 3976 4758
3669 328
3670 56 278 2434
3671 0 2 12
3672
3673 4 16 130
3674 0 16 54
3675 4 14 116
3676 2 248 1252
3677 0 6 20 66 204
3678 3736
3679 1858
3680 0 4 18 98 104 176 300 318 534 704 746 1250 2118 2244 3756
3681 2 274 1382
3682 4 110 788
3683 0 2308
3684 34
3685 344
3686 0 2 6 12 24 42 132
3687 4 248 1754
3688
3689 0 4 18 280 846 1978
3690
3691 2 20 112
3692 0 14 16 48 54 320 966
3693 16 358
3694 4 230 1628
3695 0 6 1018 3060 4454
3696 2 4 32
3697 3590
3698 0
3699 224
3700 20
3701 0 2 4 12 18 32 102 110 336 562 788 1692 2370 3460 3952
3702 1696
3703 4
3704 0 6 34 70 108 216 330 654 1690 2698
3705 86
3706 2 148 194 274 752 982 1382
3707 0 1468 4410
3708 4
3709 14
3710 0 4 18
3711 2 16 92 94 482 1840 4480
3712 16 86 1688
3713 0 6 24
3714 20 188 4390
3715 4 46
3716 0 2 12 674 2028 3382 4076
3717 4 46 160 1138
3718 70 344 1634
3719 0 176 534
3720
3721 2 34 182 458 484 2302 2432
3722 0 4 6 18 60
3723 20
3724 4
3725 0 56 174
3726 2 14 82 94 482 1646
3727 98 160 2528
3728 0
3729 4 56 410
3730 16 278
3731 0 2 4 6 12 16 18 32 42 54 60 92 102 130 168 282 312 396 662 852 1194 1992
3732 1624
3733
3734 0 1288 3870
3735 2546
3736 2 4 32
3737 0 20 66
3738 4 1528 3908
3739 104 334 1160
3740 0 6 24 78 240 726
3741 2 34 146 182 742 1520
3742
3743 0 4 14 18 48 116 354
3744
3745 4
3746 0 2 12 20 66 112 342
3747 346
3748 1660
3749 0 6 16 54 168
3750 4 16 130
3751 2
3752 0 4 18
3753
3754
3755 0
3756 2
3757 4
3758 0 6 34 108 330
3759 4 146 1040
3760 14 20 388
3761 0 2 12 628 1890 3152 4480
3762 506
3763 758
3764 0 4 18 46 144
3765
3766 2 4 32 46 242
3767 0 6 24
3768 16 358
3769 16 20 434
3770 0
3771 2 4 32
3772 1786
3773 0 4 18 1420 1426 4266 4284
3774 164
3775
3776 0 2 6 12 42
3777 14 70 1238
3778 4 34 256
3779 0
3780 4
3781 2 98 502
3782 0
3783 20
3784 56
3785 0 4 6 18 60
3786 2
3787 4 16 104 130 746 2030 3020
3788 0 16 54 56 174 1118 3360
3789
3790 1930
3791 0 2 12 70 216 362 1092
3792 4 20 158
3793 1564
3794 0 4 6 14 18 24 48 60 86 116 148 150 186 264 354 450 456 620 798 1054 1068 1356 1510 1866 2400 2564 3168 3210 4074 4536
3795 34 110 4178
3796 2
3797 0 164 498
3798
3799 4 188 1334
3800 0 850 2556
3801 2 4 32 86 442 620 3112
3802
3803 0 6 310 936 2814
3804 190
3805 1066
3806 0 2 4 12 16 18 20 32 54 66 92 102 112 130 158 282 342 396 434 480 662 802 944 1308 1992 2182 2412 2838 3056 4732
3807 16
3808 4 94 676
3809 0 458 1380
3810
3811 2 14 82 500 1016 2512
3812 0 6
3813 4 46
3814 110
3815 0 4 18 20 34 46 66 108 144 158 256 346 480 774 848 1044 1124 1810 2440 2550 3378
3816 2 1090
3817 2368
3818 0
3819 1010
3820 4
3821 0 2 6 12 24 42 78 132 402
3822 4
3823 94 356 1256
3824 0
3825 16
3826 2 16 92
3827 0 4 18
3828 14 98 1714
3829 4 20 158 170 1208 1576 3976
3830 0 6
3831 2
3832 34
3833 0
3834 4 328 2314
3835
3836 0 2 4 12 18 32 102 356 1074 1168 1792 2510 3510
3837
3838 20
3839 0 6
3840 226 230 826
3841 2 4 32 170 862 1208
3842 0 1106 3324
3843 4 56 410
3844 16
3845 0 14 16 48 54 320 966
3846 2 104 194 418 532 982 2102
3847 56
3848 0 4 6 18 24 60 186
3849 314
3850 4 70 508
3851 0 2 12
3852 20 34 190 268 848 4436
3853
3854 0 2968 4996
3855 4
3856 2 736 3692
3857 0 4 6 18 60 148 450 1054 1356 3168 4688
3858 280
3859 176
3860 0 386 1164
3861 2 20 112 236 1192 1624
3862 4 14 46 116 340 830
3863 0 16 54
3864 4 16 46 70 130 508 656 928 1384 3574 4610
3865 314
3866 0 2 6 12 42
3867 236
3868 224
3869 0 4 18 34 108 256 774
3870 226
3871 2 4 32
3872 0
3873
3874
3875 0 6 20 24 66 204 618
3876 2 4 32
3877
3878 0 4 18
3879 14
3880 160
3881 0 2 12 766 2304 3842 3914
3882 16 98 1916
3883 4 16 86 130 620 1688 3818
3884 0 6 20 66 204
3885 4
3886 2
3887 0
3888 394
3889 34
3890 0 4 18 86 146 160 264 444 486 620 1040 1138 1866 3126 3420
3891 2
3892 4
3893 0 6
3894 104
3895
3896 0 2 12 14 48 82 252
3897 4
3898 20 176 4114
3899 0 4 18
3900 334
3901 2 16 92
3902 0 6 16 24 54 56 78 168 174 500 510 528 1118 1506 1536 1590 3360 4524 4776
3903 194
3904 4
3905 0 94 188 288 570 820 2466
3906 2 4 32 34 56 182 256 292 410 596 1292 2062 2180 2992 4190
3907 20
3908 0 110 146 336 444 904 2718
3909 484
3910
3911 0 2 4 6 12 18 32 42 46 60 102 144 242 312 438 732 2202
3912
3913 4 14 46 116 340 830
3914 0 980 2946
3915
3916 2
3917 0 268 810
3918 4 310 2188
3919
3920 0 4 6 16 18 54 60 94 130 168 288 394 396 676 870 1188 1194 1840 2034 2776 3570
3921 2 16 20 92 112 434 2182
3922 640
3923 0 70 216
3924
3925 4
3926 0 2 12 34 108 182 224 364 552 678 1098 1132 1832 3402
3927 4 110 230 248 788 1628 1754
3928
3929 0 6 24 98 300 906 2724
3930 14 20 388
3931 2 3008 3076
3932 0 4 18
3933 650
3934 4 698 4904
3935 0
3936 2 1694
3937 70
3938 0 6 248 750 2256
3939 4 16 130
3940 16
3941 0 2 4 12 18 32 102 164 498 832 1166 2502 2654 3504
3942
3943 34
3944 0 20 66
3945 148
3946 2 4 32
3947 0 6 14 48 150
3948 4
3949
3950 0
3951 2 278 1402
3952
3953 0 4 18 20 66 104 158 318 480 746 904 2244 2458 2718
3954
3955 4
3956 0 2 6 12 24 42 132
3957 674
3958 16 274
3959 0 16 54
3960 4 46
3961 2 56 292
3962 0 4 18 46 144
3963 34
3964 14 164 2836
3965 0 6 56 174 528
3966 2
3967 4 20 158
3968 0
3969 4
3970
3971 0 2 12 1168 2690 3510
3972 86 280 1876
3973 1508
3974 0 4 6 18 60
3975
3976 2 4 20 32 112 158 802
3977 0 16 54
3978 16
3979 86
3980 0 34 108
3981 2 4 14 32 82 116 592
3982
3983 0 4 6 18 24 60 78 98 186 240 274 300 564 704 828 906 1698 1936 2118 2490 2724
3984
3985
3986 0 2 12
3987
3988 4
3989 0
3990 4 20 158 188 1334 1550 4390
3991 2
3992 0 6
3993
3994 544
3995 0 4 18
3996 2 16 70 92 362 1384
3997 4 16 130 190 1348 1864 3664
3998 0 14 48
3999 20
4000 34 328 3916
4001 0 2 6 12 42 104 318 532 960 1602 4812
4002 4 94 170 406 676 1208 2860
4003
4004 0 4 18
4005
4006 2 488 2452
4007 0
4008 148
4009 4 46
4010 0 6 24 70 216 654 1968
4011 2 4 32 46 242 278 698 1402 1964 3502 4904
4012 4748
4013 0 20 66 418 1260 1660 4986
4014 170 488 566
4015 14 16 320
4016 0 2 4 12 16 18 32 54 92 102 130 282 396 662 1992
4017 34 94 3586
4018 4 614 4316
4019 0 6
4020 56
4021 2 110 562
4022 0 20 66
4023 4 1798 3848
4024 56
4025 0 4 18 884 2606 2658
4026 2 364 1832
4027 736
4028 0 6
4029 544
4030 4 98 704
4031 0 2 12 784 2358 3932 4126
4032 4 14 116 344 1178 2426
4033
4034 0 16 54
4035 16
4036 2 20 112
4037 0 4 6 18 24 34 60 108 186 256 330 774 996 2328
4038 176
4039 4 146 1040
4040 0 110 336
4041 2
4042 406
4043 0 160 194 486 506 588 1524
4044 4
4045 20 190 4436
4046 0 2 4 6 12 18 32 42 60 102 312
4047 4418
4048 1184
4049 0 14 48
4050 386
4051 2 4 32 820 1706 4112
4052 0
4053 4 16 130 160 1138 2270 3094
4054 16 34 358 700 3688
4055 0 6
4056 2
4057 146
4058 0 4 18 46 144
4059 20
4060 4 46 104 746
4061 0 2 12 86 264 442 1332
4062
4063
4064 0 6 24 78
4065 4 344 2426
4066 2 14 82
4067 0 4 18
4068 20 86 2044
4069 70 226 2968
4070 0
4071 2 2210 4490
4072 4 16 130
4073 0 6 16 54 168 230 696 1246 2094 3744 4424
4074 4 34 256
4075
4076 0 2 12 334 1008 1682
4077 176
4078
4079 0 4 18 56 174 410 1236
4080 1546
4081 2 4 32 596 2380 2992 4190
4082 0 6 20 66 204
4083 14 56 70 680 1000 1238 4304
4084 98
4085 0
4086 2 4 32 944 1508 4732
4087
4088 0 4 18
4089
4090 856
4091 0 2 6 12 16 20 24 34 42 54 66 92 108 112 132 168 182 204 282 330 342 434 510 526 552 618 700 848 852 996 1032 1308 1584 1662 2106 2182 2550 2562 2642 3102 3512 3930 4252 4758 4992
4092 16
4093 4 658 4624
4094 0
4095 4 224 1586
4096 2 148 188 346 752 952 1742
4097 0
4098
4099 94 226 2266
4100 0 4 6 14 18 48 60 116 150 194 236 354 588 714 1068 1376 1670 1770 2148 3346 4060 4134
4101 2 758 3802
4102 4
4103 0
4104 1276
4105 20
4106 0 2 12 236 714 1192 3582
4107 4 46
4108 104 164 2830
4109 0 4 6 18 46 60 144 438
4110 16 874 3038
4111 2 16 34 92 182 700 3512
4112 0
4113
4114 4 20 94 158 676 2228 3248
4115 0
4116 2 4 32 310 1562 2188 4636
4117 14
4118 0 6 24
4119
4120
4121 0 2 4 12 18 32 102 650 740 1956 2226 3262 3712 4568
4122
4123 4 268 1894
4124 0
4125
4126 2 2906 3508
4127 0 6
4128 4 20 34 158 256 848
4129 16 358
4130 0 4 16 18 54 130 396
4131 2 98 164 502 604 832 3032
4132
4133 0 1018 3060
4134 14 110 1918
4135 4
4136 0 2 6 12 42
4137 4 20 158
4138 56
4139 0 2096
4140
4141 2 280 1412
4142 0 4 18 56 70 174 216 410 508 566 1236 1530 1704 3980 4304
4143
4144 4
4145 0 6 24 78
4146 2
4147
4148 0 16 34 54 108 700 2106
4149 4 16 130
4150 86
4151 0 2 4 12 14 18 20 32 48 66 82 102 112 116 158 252 342 354 388 480 592 802 1170 1256 1782 1952 2412 2734 3774
4152
4153 110 224 2014
4154 0 6
4155 1294
4156 2 4 32 46 70 242 362 508 2552 2894 3574
4157 0 86 264
4158 4 46
4159 148
4160 0 20 66 230 696 3226
4161 2 2668 3886
4162
4163 0 4 6 18 60
4164 346
4165 4 34 256 328 604 2314 4246
4166 0 2 12 314 948 1582 4752
4167 16 104 2030
4168 14 16 320
4169 0 1150 3456
4170 4
4171 2 1358
4172 0 4 6 18 24 60 186
4173
4174 20 826 2738
4175 0 170 516
4176 2 1214
4177 4
4178 0 248 750
4179 4
4180
4181 0 2 6 12 42 188 570 952 1716 2862
4182 314 356 458
4183 20
4184 0 4 18
4185 14 34 98 626 824 1714 3734
4186 2 4 16 32 92 130 662
4187 0 16 54 170 516 3284
4188 146 268 1300
4189 248
4190 0 6 190 576 1734
4191 2 4 32
4192
4193 0 4 18
4194 2540
4195 356
4196 0 2 12 94 288 482 1452
4197 20 56 526 1354 1690
4198 4
4199 0 6 24 1364 1430 4098 4296
4200 4
4201 2 56 292
4202 0 14 34 48 108 626 1884
4203
4204 3340
4205 0 4 16 18 46 54 130 144 340 396 928 1026 2710 2790
4206 2 16 20 92 112 146 160 434 742 812 2182 2828 3094 3424 3746
4207 4 46
4208 0 6 484 1458 4380
4209 614
4210 1114
4211 0 2 12 94 288 482 1452
4212 4 2126 3568
4213
4214 0 4 18 856 2574 2950
4215 70 104
4216 2 160 812
4217 0 6 176 534 1608
4218
4219 4 14 116
4220 0 20 66
4221 2 4 32 670 2266 3362 4708
4222 34
4223 0 640 1926
4224 16
4225 16
4226 0 2 4 6 12 18 24 32 42 60 78 102 132 186 240 312 402 564 942 1212 1698 2832
4227 1696
4228 4
4229 0 20 66 70 216 1676
4230
4231 2 310 1562
4232 0 98 278 300 628 840 1890
4233 4
4234
4235 0 4 6 18 60 274 828 1936 2490 3080
4236 2 14 82
4237 334
4238 0 190 576
4239 34 86 3290
4240 4 194 1376
4241 0 2 12
4242 4
4243 16 20 434
4244 0 6 16 54 168
4245
4246 2 86 442
4247 0 4 18 110 148 336 450 788 1054 2370 3168
4248 2086
4249 4 386 2720
4250 0
4251 2
4252 20
4253 0 6 14 24 48 150 456
4254 4 46 884 1246
4255 280
4256 0 2 4 12 18 32 46 56 102 144 174 176 242 292 340 410 534 732 882 892 1026 1236 1250 1712 2062 2682 2888 3756
4257
4258
4259 0 34 108
4260 56 274 3328
4261 2 4 32
4262 0 6 16 54 168
4263 4 16 130
4264 656
4265 0
4266 2 20 110 112 562 2596 4198
4267 418
4268 0 4 18
4269
4270 4 14 116 458 994 3224
4271 0 2 6 12 42 506 1524 2386 2542 4578
4272 4594
4273
4274 0 104 318
4275 4 20 158 164 1166 2036 3838
4276 2 34 182
4277 0 4 18
4278 980
4279
4280 0 6 24 658 1980 3076
4281 2 16 92
4282 4 16 130
4283 0 2540
4284 4
4285 394
4286 0 2 12 98 300 502 1512
4287 14 188 3244
4288 70
4289 0 4 6 18 20 60 66 158 204 480 1446
4290
4291 2 4 32 1106 1420
4292 0 278 840
4293 94 364 1550
4294
4295 0
4296 2 4 32 34 182 256 1292
4297 194
4298 0 4 6 18 20 60 66 158 164 204 226 480 498 684 1166 1446 1500 1600 2058 3504 3838 4806
4299
4300 16 740 3926
4301 0 2 12 16 54 92 282
4302 70
4303 4 46
4304 0 14 48 670 1616 2016 4854
4305 4 46
4306 2 230 1162
4307 0 6 24 78
4308 94
4309
4310 0 4 18 148 450 1054 3168
4311 2 1870
4312 4 20 158
4313 0 34 108
4314 500
4315 56
4316 0 2 6 12 42
4317 4 394 2776
4318
4319 0 4 16 18 54 56 130 174 396 410 1118 1236 2374 3360
4320 16
4321 2 14 20 82 112 388 1952
4322 0 104 224 318 678 766 2304
4323 1490
4324 4
4325 0 6 1426 4284 4360
4326 2 4 32
4327
4328 0 86 226 264 684 916 2754
4329 2548
4330
4331 0 2 4 12 18 32 102 328 990 1616 1652 2314 4854 4962
4332
4333 4 34 98 256 704 2150 3734
4334 0 6 24
4335 20 86 2044
4336 2
4337 0 146 444
4338 4 14 16 116 130 320 2258
4339 16 236 4538
4340 0 4 18
4341 2 680 3412
4342
4343 0 6
4344 20 1190 2060
4345 4 236 1670
4346 0 2 12
4347 4
4348 170
4349 0
4350 34
4351 2
4352 0 4 6 18 46 60 144 438
4353
4354 4 46 1036 1114
4355 0 14 48 146 444 2530
4356 2 2680 4240
4357 16
4358 0 16 20 54 66 434 1308
4359 4 1406
4360 110 170 2914
4361 0 2 4 6 12 18 24 32 42 60 70 102 132 186 216 312 362 508 654 824 942 1092 1530 1968 2478 2552 3282 4132 4596
4362
4363
4364 0 784 2358
4365
4366 2 4 32
4367 0 20 66
4368 4 874
4369 160
4370 0 6 34 108 330
4371 2 994 4982
4372 14 188 3244
4373 0 4 18
4374 56 3478
4375 4 70 508
4376 0 2 12 16 54 92 282
4377 16
4378 56
4379 0 6 110 160 336 344 486 1014 1038 1464 3120
4380 4 224 1586
4381 2 20 104 112 532 2458 4676
4382 0 4 18 1520 1798 4566
4383 190
4384
4385 0
4386 2
4387 4 34 98 256 704 2204 3734
4388 0 6 24 78
4389 4 14 116
4390 20 94 2228
4391 0 2 12 1066 3204 3604
4392 628
4393 230 364 674
4394 0 4 18 268 810 1894
4395 16
4396 2 4 16 32 92 130 176 484 662 892 1250 2432 3398 3406
4397 0 6 2374 2708
4398 148
4399 4250
4400 0
4401 2 4 32 46 242
4402
4403 0 4 18 46 144
4404 20
4405 94 500 1190
4406 0 2 6 12 14 42 48 82 150 252 762
4407 34 1366
4408 4
4409 0
4410 4
4411 2 406 2042
4412 0 344 1038
4413 20 334
4414 16
4415 0 4 6 16 18 24 54 60 130 168 186 358 396 510 854 1080 1194 2524 2568 3246 3588
4416 2
4417 4 86 620
4418 0 1844
4419
4420
4421 0 2 12
4422 4
4423 14 1276 2696
4424 0 4 6 18 34 60 86 108 256 264 280 330 620 774 798 846 1866 1978 2328 2544 3290
4425
4426 2
4427 0 20 66
4428
4429 4 104 248 310 746 1754 2188
4430 0 1870
4431 2 4 32 190 962 1348
4432
4433 0 6 16 54 56 168 174 528 1118 3360
4434 16 70 98 418 1384 1916
4435 176
4436 0 2 4 12 18 20 32 66 102 112 158 342 480 802 2412
4437 56 194
4438 4
4439 0 386 1164
4440 14 248 4264
4441 2 854 4282
4442 0 6 24 164 498 1500 4506
4443 4
4444 34
4445 0 4 18 346 1044 2440
4446 2 850 4262
4447
4448 0 70 216
4449 1358
4450 4 20 46 158 1124
4451 0 2 6 12 42 406 1224 2042 3226 3678
4452 4 16 46 130 928
4453 16
4454 0
4455
4456 2
4457 0 4 14 18 48 116 354
4458
4459 4 20 158 268 1364 1894
4460 0 6
4461 2 34 148 182 752 2134
4462 1718
4463 0
4464 4
4465 164
4466 0 2 4 12 18 32 102
4467
4468 1210
4469 0 6 24 78 240 726
4470
4471 2 4 16 32 92 130 662
4472 0 16 54
4473 4 20 110 158 788 2596 3296
4474 14
4475 0
4476 2
4477
4478 0 4 6 18 60 188 570 1334 1716 4008 4996
4479 1378
4480 4
4481 0 2 12 34 108 182 552
4482 20
4483 314
4484 0
4485 4 1720
4486 2 146 742
4487 0 4 6 18 60 94 288 676 870 2034
4488 98 104
4489 2386
4490 0 16 54 358 1080 2936
4491 2 14 16 82 92 320 1612
4492 4 56 110 410 788 1294
4493 0
4494 4 194 1376
4495
4496 0 2 6 12 20 24 42 56 66 112 132 174 204 292 328 342 528 618 882 990 1032 1354 1590 1652 2652 2976 3102 4068 4962
4497 488
4498 34
4499 0 4 18 46 144 314 948 1300 2216 3906
4500
4501 2 4 32 46 242
4502 0 94 288
4503
4504 146
4505 0 6 20 66 204 488 596 1470 1794 4416
4506 2 4 32 86 442 620 3112
4507 70
4508 0 4 14 18 48 116 354
4509 16
4510 16
4511 0 2 12
4512 274
4513 4 86 278 346 620 1964 2440
4514 0 6
4515 4
4516 2
4517 0
4518 34
4519 20
4520 0 4 18
4521 2 70 170 362 862 968 4852
4522 4
4523 0 6 24 656 1974 3446
4524 758
4525 14
4526 0 2 12
4527 4 226 1600
4528 16 20 434
4529 0 4 16 18 54 130 396
4530
4531 2 2554 4814
4532 0 6 160 486 1464
4533 170
4534 4
4535 0 34 98 108 300 3734
4536 2 4 32 104 532 746 3742
4537 274
4538 0 280 846
4539 230
4540
4541 0 2 4 6 12 18 32 42 60 102 312 356 544 1074 1638 1792 2510 2732 3228 3826 4920
4542 14 20 160 388 968 2768 3746
4543 4
4544 0 310 936
4545 2798
4546 2
4547 0 16 54
4548 4 16 46 130 340 928
4549 148 224 1808
4550 0 4 6 18 24 46 60 78 144 186 438 564 1320 3966
4551 2 20 56 112 292 1354
4552 506
4553 0
4554 356
4555 4 34 56 256 410 2180 4070
4556 0 2 12 916 2754 4514 4592
4557 4 226 1600
4558
4559 0 6 14 48 150
4560
4561 2 2036
4562 0 4 18
4563 188
4564 4 1090
4565 0 20 66 640 1406 1926 4224
4566 2 16 92
4567 16
4568 0 6
4569 4
4570
4571 0 2 4 12 18 32 102
4572 34
4573 278
4574 0 20 66 334 1008 2696
4575 176
4576 2 4 14 32 82 116 190 544 592 962 1348 2732 3278 3826
4577 0 6 24 1298 1786 3900
4578 4 236 1670
4579
4580 0 70 216
4581 2
4582 2774
4583 0 4 18 566 1704 3980
4584 94 236 2716
4585 4 16 130
4586 0 2 6 12 16 42 54 92 110 168 282 336 562 650 852 1014 1692 1956 2144 3262
4587
4588 20
4589 0 98 300
4590 4
4591 2
4592 0 4 18 34 108 256 774
4593 14
4594 70
4595 0 6 86 104 264 318 736 798 960 2214
4596 2 2060
4597 4 20 46 158 1124
4598 0
4599 4 46 94 340 676 1904 4750
4600
4601 0 2 12
4602 86
4603
4604 0 4 6 16 18 24 54 60 130 168 186 396 510 1194 3588
4605 16 110 2144
4606 2 4 32
4607 0 224 678
4608
4609 34 164
4610 0 14 48 56 174 1000 3006
4611 2 4 20 32 112 158 802
4612 148
4613 0 4 6 18 60
4614 56 176
4615
4616 0 2 12
4617
4618 4
4619 0
4620 4 20 158 526 3700
4621 2
4622 0 6
4623 16 1010 3328
4624 16 190 3664
4625 0 4 18
4626 2 230 1162
4627 4 14 116
4628 0
4629 34 1178 1468
4630
4631 0 2 6 12 24 42 78 132 402
4632 4 164 1166
4633
4634 0 4 18 20 66 158 194 480 588 674 1376 2028 4134 4528 4736
4635 146 614 698
4636 2 98 502
4637 0 3904
4638 386
4639 4
4640 0 6 2644 2708
4641 2 4 32
4642 16
4643 0 16 20 54 66 104 318 434 458 1308 1380 2030 2458
4644 14
4645
4646 0 2 4 12 18 32 34 46 102 108 144 182 242 256 552 732 774 1292 1810 2378 3882
4647
4648 4 46
4649 0 6
4650 766
4651 2 1036
4652 0
4653 4 70 146 508 850 1040
4654 2264
4655 0 4 18
4656 2
4657 20 1184 2380
4658 0 6 24
4659
4660 4 364 2566
4661 0 2 12 14 16 48 54 82 92 252 282 320 966 1612 4842
4662 4 16 130 328 1478 2314
4663
4664 0
4665 268
4666 2 20 34 112 182 848 4252
4667 0 4 6 18 60 70 216 508 654 1530 4596
4668
4669 4 56 188 410 826 1334
4670 0
4671 2 1150
4672 2606
4673 0 56 174
4674 4
4675 2774
4676 0 2 4 6 12 18 32 42 60 102 312
4677
4678 14
4679 0
4680 16 20 248 434 596 4766
4681 2 4 16 32 92 94 130 482 662 676 1016 1840 3392
4682 0 394 1188
4683 4 34 256
4684 86
4685 0 6 24
4686 2
4687 3590
4688 0 4 18 418 1260 2944
4689 20
4690 4 98 704
4691 0 2 12 86 194 248 264 442 588 750 982 1252 1332 2952 3762
4692
4693
4694 0 6 170 516 1554
4695 4 14 46 116 160 484 830 1138 2768 3406
4696 2 94 482
4697 0 4 18 46 144
4698 1546
4699 16 110 2144
4700 0 16 54 148 450 2866
4701 2 2234
4702 4 104 746
4703 0 6 20 34 66 108 204 330 848 2550
4704 4
4705 160
4706 0 2 12 170 516 862 2592
4707 280
4708 3200
4709 0 4 18
4710 2528
4711 2 4 32 566 2842 3340 3980
4712 0 6 14 20 24 48 66 78 150 204 240 388 456 618 698 1170 1374 1860 2100 3516 4128
4713
4714 394
4715 0
4716 2 4 32 1018 1864
4717 1718
4718 0 4 16 18 54 110 130 336 396 788 1478 2144 2370 4440
4719 16
4720 34 1366
4721 0 2 6 12 42
4722
4723 4
4724 0
4725 4
4726 2 20 70 112 344 362 526 1676 1732 2642
4727 0
4728 56 820 1378
4729 14
4730 0 4 6 18 60 268 810 1894 2436 3928
4731 2 458 2302
4732 4 56 410
4733 0
4734
4735 20
4736 0 2 12
4737 4 16 98 130 704 1916
4738 16 604
4739 0 4 6 18 24 60 186
4740 34 70 2698
4741 2
4742 0 310 936
4743
4744 4 46
4745 0 1756
4746 2 4 14 32 46 82 116 242 592 830 4162
4747
4748 0 6
4749 20 1214 2414
4750 104 334 1874
4751 0 2 4 12 18 32 102
4752
4753 4 944
4754 0 176 188 534 570 658 1980
4755
4756 2 16 92 226 1142 3116 4348
4757 0 6 16 34 54 108 168 330 700 2106
4758 4 20 158
4759 344
4760 0 4 18 364 1098 2566
4761 2 3640 3730
4762 2546
4763 0 14 48 148 450 2564
4764 4928
4765 4
4766 0 2 6 12 24 42 132 680 736 2046 2214 3412 3692
4767 4
4768 3964
4769 0 190 576
4770
4771 2
4772 0 4 18 20 66 158 230 480 604 696 1628 1818 4246 4890
4773 86
4774 4 650 4568
4775 0 6 16 54 168
4776 2 16 92 164 224 358 832 1132 1802 3170 4310
4777 34
4778 0 94 288
4779 4
4780 14 86 506 1510
4781 0 2 4 12 18 20 32 66 102 112 158 342 480 802 2412
4782
4783
4784 0 6 146 444 1338
4785
4786 2 4 32 226 1142 1600
4787 0 56 174
4788 4
4789 274
4790 0 1160 3486
4791 2 56 98 292 502 2308
4792 2798
4793 0 4 6 18 24 46 60 78 94 144 176 186 288 438 534 564 676 870 1250 1320 1608 2034 2616 3756 3966 4750 4830
4794 16 34 278 346 700
4795 4 16 20 46 130 158 434 928 1124 3056 3218
4796 0 2 12
4797 14 1876 2158
4798 4564
4799 0 70 164 216 498 1886
4800 4 314 2216
4801 2
4802 0 4 6 18 60 146 444 1040 1338 3126
4803
4804 20
4805 0
4806 2
4807 4
4808 0
4809 4 104 746
4810
4811 0 2 6 12 42
4812 110
4813 16 70 1384
4814 0 4 14 16 18 34 48 54 108 116 130 256 274 320 354 396 626 700 774 828 966 1884 1936 2106 2258 4400 4706 4918
4815 904
4816 2 4 32 314 1582 2216
4817 0 190 236 500 576 714 1506
4818 20 784 3844
4819
4820 0 6 24 406 1224 3678
4821 2 4 32 280 1412 1978
4822
4823 0 4 18 236 714 1670
4824
4825
4826 0 2 12 614 1848 3082
4827 20 328
4828 4 386 2720
4829 0 6
4830 4 1016
4831 2 14 34 82 110 182 194 562 626 982 1918 3142 3346 4178
4832 0 16 54 1010 1210 3036 3636
4833 16
4834 224
4835 0 4 18
4836 2
4837 4
4838 0 6 98 300 906
4839
4840
4841 0 2 12 20 66 112 342
4842 4 46
4843
4844 0 4 18 46 144
4845 2554
4846 2 56 292
4847 0 6 24
4848 14
4849 4
4850 0 20 56 66 174 1354 4068
4851 2 4 16 32 34 92 130 148 182 256 358 662 700 752 1054 1292 1802 2524 2866 3512 4918
4852 16
4853 0
4854 278
4855 418
4856 0 2 4 6 12 18 32 42 60 102 312
4857 104 310 2110
4858 4 160 1138
4859 0 230 696
4860 188 406 904
4861 2
4862 0 86 264 346 758 1044 2280
4863 4 628 4414
4864 20 740 4150
4865 0 4 6 14 18 48 60 116 150 354 1068
4866 2 640 3212
4867 170
4868 0 34 108 160 486 3926
4869 86
4870 4 16 130
4871 0 2 12 16 54 92 282
4872 4 70 508
4873 20 1288 2396
4874 0 6 24 78 820 1066 2466 3204
4875 94
4876 2
4877 0 4 18 1430 2368 4296
4878
4879 4 170 1208
4880 0 2354
4881 2
4882 14
4883 0 6 484 1458 4380
4884 4
4885
4886 0 2 4 12 18 32 70 102 216 362 508 1092 1530 2552
4887 20
4888 34 194
4889 0 16 54
4890 16 94 1840
4891 2 4 32 46 242 340 1712
4892 0 6 98 300 906
4893 4 46
4894 670
4895 0 4420
4896 2 20 112
4897 980
4898 0 4 18
4899 14
4900 4 356 2510
4901 0 2 6 12 24 42 132
4902 1160
4903
4904 0
4905 4 34 56 256 410 2180 4720
4906 2
4907 0 4 18
4908 16 500
4909 16 56 1090 1118 3478
4910 0 6 20 66 204
4911 2 334 1682
4912 4 884
4913 0 356 1074
4914 4 148 1054
4915
4916 0 2 12 14 48 82 104 252 318 532 1602 1816 2654
4917
4918
4919 0 4 6 18 20 60 66 158 204 480 1446
4920
4921 2 4 32
4922 0
4923 656
4924
4925 0 34 108 110 336 4178
4926 2 4 32
4927 16
4928 0 4 6 16 18 24 54 60 130 168 186 396 510 1194 3588
4929
4930
4931 0 2 12 248 750 1252 3762
4932
4933 4 14 20 116 146 158 176 388 1040 1250 2530 2734 3040 3424 4114
4934 0
4935 4
4936 2 268 1352
4937 0 6
4938 1528
4939 98
4940 0 4 18 46 144
4941 2 658 3302
4942 4 20 34 46 158 248 256 340 848 1124 1754 1810
4943 0 164 498
4944 110
4945 70 188
4946 0 2 6 12 16 42 54 92 168 282 852
4947 4 16 130
4948
4949 0 4 18 856 2574 4070
4950 14
4951 2 86 146 442 742 1106
4952 0
4953
4954 4 2884 3640
4955 0 6 24 78 240
4956 2 4 20 32 112 158 802
4957 2096
4958 0 86 264
4959 70
4960
4961 0 2 4 12 18 32 102
4962 34 190
4963 4 2738 3848
4964 0 6 56 104 174 318 528 960 1298 3900
4965 16 20 434
4966 2 16 92 164 832 3170 4660
4967 0 14 48
4968 4 56 410
4969
4970 0 4 18
4971 2
4972 94 176 4268
4973 0 6
4974
4975 4 1868
4976 0 2 12
4977 4 670 4708
4978
4979 0 20 34 66 108 848 2550
4980
4981 2
4982 0 4 6 18 24 60 186
4983
4984 4 14 16 116 130 320 2258
4985 0 16 54 226 684 4348
4986 2
4987 94 874
4988 0 20 66 488 1470 2200
4989 4 46
4990 280
4991 0 2 4 6 12 18 32 42 46 60 102 144 242 312 438 732 2202
4992
4993 98 328 2234
4994 0 4268
4995
4996 2 4 32 488 2452 3434 4354
4997 0 2150
4998 4
4999 34
