0.48
0.32
0.54
0.04
0.66
0.25
0.58
0.44
0.16
0.44
0.35
0.06
0.44
0.93
0.34
0.16
0.29
0.55
0.05
0.74
0.36
0.53
0.86
0.89
0.77
0.71
0.96
0.80
0.92
0.13
0.41
0.88
0.35
0.33
0.45
0.36
0.51
0.54
0.19
0.41
0.47
0.72
0.50
0.06
0.59
0.83
0.81
0.64
0.13
0.25
0.78
0.69
0.92
0.65
0.50
0.37
0.74
0.78
0.35
0.04
0.95
0.53
0.31
0.04
0.66
0.85
0.12
0.02
0.36
0.66
0.90
0.88
0.72
0.43
0.81
0.45
0.83
0.03
0.59
0.10
0.22
0.13
0.48
0.88
0.24
0.08
0.15
0.17
0.03
0.07
0.51
0.44
0.29
0.66
0.82
0.64
0.11
0.79
0.74
0.28
0.82
0.88
0.32
0.11
0.04
0.47
0.65
0.99
0.42
0.70
0.01
0.16
0.28
0.44
0.40
0.54
0.25
0.94
0.57
0.01
0.99
0.64
0.56
0.24
0.08
0.43
0.24
0.65
0.35
0.61
0.96
0.46
0.96
0.54
0.04
0.99
0.66
0.31
0.79
0.90
0.47
0.46
0.73
0.27
0.92
0.90
0.32
0.82
0.52
0.67
0.58
0.74
0.68
0.61
0.27
0.84
0.08
0.80
0.99
0.56
0.21
0.89
0.93
0.97
0.25
0.57
0.43
0.72
0.51
0.44
0.50
0.92
0.82
0.86
0.96
0.67
0.51
0.81
0.49
0.88
0.33
0.90
0.56
0.45
0.57
0.12
0.44
0.74
0.19
0.43
0.13
0.45
0.86
0.78
0.71
0.93
0.48
0.41
0.40
0.91
0.49
0.17
0.37
0.43
0.79
0.31
0.51
0.49
0.05
0.15
0.82
0.61
0.59
0.82
0.11
0.22
0.23
0.82
0.37
0.32
0.50
0.80
0.16
0.51
0.02
0.68
0.80
0.83
0.07
0.62
0.69
0.05
0.81
0.17
0.31
0.16
0.88
0.95
0.31
0.71
0.91
0.35
0.02
0.29
0.85
0.14
0.56
0.69
0.34
0.79
0.77
0.16
0.05
0.16
0.05
0.84
0.41
0.31
0.36
0.02
0.40
0.27
0.58
0.11
0.91
0.69
0.86
0.20
0.45
0.91
0.35
0.11
0.07
0.69
0.37
0.81
0.61
0.20
0.44
0.63
0.88
0.16
0.55
0.48
0.72
0.89
0.81
0.36
0.20
0.90
0.11
0.09
0.13
0.88
0.50
0.40
0.32
0.11
0.14
0.69
0.12
0.19
0.16
0.12
0.96
0.82
0.15
0.53
0.53
0.91
0.73
0.35
0.68
0.90
0.61
0.99
0.53
0.76
0.88
0.84
0.18
0.90
0.56
0.37
0.27
0.28
0.17
0.69
0.93
0.15
0.16
0.53
0.20
0.59
0.33
0.30
0.13
0.55
0.66
0.98
0.28
0.56
0.70
0.19
0.46
0.25
0.69
0.14
0.95
0.19
0.77
0.21
0.39
0.53
0.65
0.29
0.19
0.37
0.74
0.67
0.21
0.84
0.35
0.58
0.25
0.09
0.83
0.98
0.90
0.25
0.70
0.85
0.06
0.42
0.14
0.70
0.59
0.03
0.49
0.78
0.35
0.87
0.37
0.53
0.20
0.67
0.20
0.61
0.50
0.38
0.99
0.54
0.20
0.29
0.14
0.18
0.17
0.48
0.53
0.34
0.05
0.67
0.95
0.46
0.92
0.51
0.02
0.59
0.66
0.66
0.34
0.67
0.16
0.31
0.35
0.35
0.93
0.79
0.81
0.81
0.59
0.86
0.68
0.51
0.19
0.57
0.18
0.51
0.31
0.76
0.19
0.72
0.43
0.88
0.46
0.20
0.86
0.25
0.15
0.91
0.08
0.84
0.13
0.73
0.98
0.95
0.11
0.85
0.08
0.15
0.02
0.96
0.36
0.11
0.24
0.19
0.66
0.50
0.08
0.14
0.29
0.64
0.83
0.36
0.18
0.97
0.33
0.72
0.77
0.05
0.10
0.99
0.11
0.28
0.36
0.05
0.37
0.57
0.47
0.23
0.11
0.41
0.07
0.27
0.09
0.03
0.39
0.54
0.50
0.70
0.30
0.26
0.56
0.49
0.58
0.59
0.18
0.51
0.58
0.13
0.55
0.33
0.06
0.12
0.32
0.06
0.91
0.40
0.45
0.28
0.42
0.53
0.49
0.77
0.50
0.11
0.99
0.38
0.83
0.86
0.13
0.70
0.69
0.33
0.39
0.22
0.85
0.38
0.92
0.98
0.26
0.41
0.10
0.41
0.51
0.49
0.08
0.39
0.88
0.38
0.10
0.80
0.92
0.70
0.13
0.47
0.94
0.09
0.71
0.61
0.41
0.86
0.36
0.47
0.40
0.37
0.82
0.58
0.20
0.46
0.14
0.55
0.89
0.99
0.35
0.81
0.85
0.28
0.93
0.80
0.97
0.63
0.97
0.65
0.45
0.99
0.75
0.08
0.33
0.82
0.76
0.25
0.73
0.69
0.55
0.20
0.95
0.55
0.97
0.17
0.78
0.44
0.43
0.20
0.81
0.41
0.32
0.32
0.23
0.54
0.33
0.47
0.02
0.13
0.98
0.44
0.50
0.86
0.16
0.09
0.03
0.02
0.77
0.63
0.87
0.35
0.97
0.50
0.69
0.45
0.55
0.18
0.92
0.82
0.49
0.01
0.32
0.60
0.13
0.44
0.21
0.40
0.38
0.55
0.75
0.37
0.15
0.32
0.09
0.70
0.65
0.74
0.95
0.50
0.01
0.95
0.85
0.53
0.26
0.88
0.92
0.52
0.50
0.94
0.42
0.59
0.62
0.07
0.21
0.81
0.18
0.53
0.82
0.56
0.25
0.07
0.21
0.76
0.15
0.29
0.81
0.42
0.79
0.85
0.85
0.38
0.13
0.50
0.53
0.29
0.78
0.04
0.07
0.99
0.58
0.37
0.99
0.54
0.02
0.82
0.75
0.89
0.29
0.03
0.42
0.59
0.62
0.66
0.48
0.99
0.41
0.21
0.83
0.88
0.57
0.10
0.28
0.92
0.42
0.85
0.22
0.89
0.18
0.11
0.56
0.35
0.26
0.42
0.96
0.22
0.66
0.49
0.22
0.51
0.78
0.36
0.70
0.60
0.61
0.81
0.26
0.18
0.61
0.22
0.46
0.83
0.40
0.87
0.34
0.64
0.74
0.27
0.84
0.77
0.73
0.56
0.19
0.39
0.55
0.23
0.50
0.50
0.82
0.70
0.16
0.79
0.16
0.69
0.35
0.31
0.25
0.89
0.38
0.61
0.67
0.73
0.05
0.62
0.36
0.95
0.07
0.40
0.28
0.74
0.67
0.74
0.49
0.16
0.48
0.99
0.87
0.67
0.26
0.11
0.12
0.42
0.28
0.34
0.68
0.47
0.95
0.23
0.66
0.48
0.59
0.74
0.85
0.59
0.49
0.37
0.29
0.94
0.51
0.60
0.80
0.24
0.04
0.25
0.45
0.62
0.29
0.29
0.54
0.80
0.90
0.42
0.56
0.27
0.61
0.88
0.80
0.04
0.40
0.14
0.38
0.31
0.61
0.03
0.94
0.15
0.95
0.80
0.96
0.31
0.68
0.12
0.54
0.46
0.52
0.47
0.81
0.64
0.51
0.25
0.99
0.94
0.17
0.59
0.69
0.97
0.60
0.73
0.14
0.05
0.89
0.93
0.64
0.38
0.09
0.66
0.30
0.22
0.21
0.74
0.94
0.78
0.32
0.78
0.19
0.69
0.13
0.90
0.54
0.50
0.39
0.35
0.68
0.71
0.93
0.98
0.59
0.58
0.14
0.51
0.66
0.97
0.90
0.40
0.53
0.77
0.22
0.01
0.97
0.61
0.74
0.03
0.10
0.44
0.22
0.63
0.84
0.98
0.25
0.51
0.61
0.86
0.08
0.47
0.05
0.53
0.17
0.70
0.10
0.66
0.13
0.95
0.92
0.97
0.06
0.73
0.13
0.80
0.72
0.48
0.88
0.54
0.43
0.96
0.15
0.89
0.33
0.38
0.90
0.31
0.19
0.10
0.25
0.61
0.09
0.37
0.63
0.47
0.26
0.24
0.30
0.73
0.69
0.29
0.45
0.40
0.79
0.42
0.64
0.20
0.66
0.17
0.82
0.42
0.17
0.65
0.82
0.39
0.48
0.48
0.87
0.02
0.34
0.51
0.55
0.85
0.14
0.38
0.29
0.22
0.28
0.86
0.05
0.71
0.39
0.20
0.06
0.20
0.12
0.98
0.98
0.69
0.19
0.39
0.84
0.69
0.41
0.49
0.51
0.47
0.61
0.57
0.47
0.04
0.81
0.32