15.9875835031
4.43775301187
18.1851996051
1.63155664037
16.2268332705
11.2902400778
3.9387538091
5.6731355886
3.65295274654
1.52467046861
17.431280953
12.9955860304
12.3486967591
19.3213931875
7.34887157756
9.51710637036
6.3342393955
15.8197202151
19.9322160995
5.15120092214
1.32108636633
1.25463480617
1.47199455199
14.2628023959
1.3576191229
10.7543449748
11.5826486271
0.261623007206
12.5019818252
10.7300932393
1.53013872897
12.9810637826
10.9896089367
3.80264623479
4.08101953887
9.67200237843
5.98504409473
16.4057367087
3.40117556425
0.452208728737
19.400297188
9.65440871115
7.75556349234
8.0127175449
17.4842345948
19.75228771
6.35037926532
7.76793683494
4.65430686128
11.4366560062
13.8434319492
12.5637288933
11.9958272445
12.4968588045
1.95318207906
14.5637438582
6.54988063026
18.9206367425
7.86612501783
4.11312117835
4.63130977695
4.65715592406
10.234206655
13.6307572215
17.2848562265
18.3012471418
3.2988840066
16.5937833703
7.45159836576
13.0465036107
9.20203874305
3.50361702177
15.4446407203
3.98694671797
7.98409044978
9.53432025746
16.0015424971
7.9855306423
13.6277964882
14.6476031533
17.7689617181
7.46636076919
1.32172729377
5.41467980764
16.1633826089
16.1275157764
13.769820336
0.853788369491
4.60627634394
7.88848654811
1.696996286
3.52174375105
4.5283750438
19.5909745438
5.05319389888
9.85479647989
19.7340363598
16.3578687496
6.07332022511
7.04824414126
19.9086622147
19.2123098983
0.682866381604
3.06053098239
3.78167169984
5.90357299079
13.289626425
9.09799714294
13.3350728734
10.7790652574
17.4215193365
12.1690476665
6.50478851522
11.183130615
18.4334964643
12.257715347
12.1831450229
5.50960856586
8.78200341854
4.32232736078
7.77768548769
9.67827338241
4.23557165367
18.6034426226
0.91953798895
14.0041355387
1.01961191064
0.373564905693
8.29468256375
13.3609066634
7.12211722543
3.24023269601
7.85906799474
15.5021131449
1.0787484784
19.5081586279
18.1023919317
1.78342613601
4.73617332727
19.7130069755
14.6099905589
0.582002568243
9.3147837678
10.5545418522
9.04404955209
13.4976221074
3.01450685702
18.5953458099
12.5840985217
5.75929641496
2.21679055874
18.9508339512
0.991852237583
13.1156486207
1.70931384708
13.8104543279
19.0615189227
10.7950762573
2.88674505264
0.775872595304
12.4959118941
16.6998627137
8.64995858685
13.5957446374
5.39825056352
11.0434834266
5.63700469492
19.9964187409
11.9747432913
9.02976897502
19.7522268252
14.5947147627
4.52661963085
7.06091591885
4.20942016612
14.668069461
3.8859678492
4.93493493255
7.27755824476
7.20533532389
8.9166132365
0.41671257456
2.85828234572
3.24575628295
5.19276944138
14.7575245115
5.85296904153
10.681558862
3.16574662859
8.91612139449
15.63861718
3.15534257695
18.8458213416
1.84396354459
14.4139192717
10.2621236783
3.33223982821
10.7047451476
19.7300832665
13.1101201358
18.652781059
6.49330577705
16.6217318701
1.98369151718
19.3307773136
12.1342916941
4.30767567626
12.3136519014
5.49498001511
8.90642365719
16.3370274278
8.8807590806
12.2153936629
11.4110634834
10.5857722007
11.1276343882
2.04628600822
13.2886292033
8.61012395564
17.3597611353
1.80679507758
18.9570284972
2.6585501102
1.08960130281
16.6531047623
16.0155891301
18.6124974509
5.33210720631
15.0486193696
3.65631005242
3.26761005429
16.9883943514
8.4794035499
19.9004282747
11.2173237715
17.8405656757
0.960599503347
6.48728231108
5.12029548681
13.1800316476
7.69233879941
17.5948046366
9.2941818184
19.5019806439
5.35797898953
3.87429702864
15.1116324256
7.75797659592
13.5604639961
17.657537889
11.7425403482
4.71606230397
3.48880234895
6.19209447367
16.9671658822
18.2956635944
16.8541943474
4.93708873216
8.31465156517
14.0353686716
4.17341880225
19.9017299202
9.08433704223
14.7460384317
5.53666238216
3.91904806238
6.67413224057
8.81334533667
5.28632164667
8.44426859888
17.6604995613
16.1547418245
15.0877493523
0.493525714574
12.1288855472
16.7272787226
13.5410469823
17.3434084427
11.591386923
10.4545364926
7.09399729769
7.44954508066
4.43449505798
6.42815178511
11.6829476575
6.85708568088
17.5323554667
13.911471087
9.85694771579
9.94225293826
5.31819829324
7.90145847513
15.7217742111
5.76968203361
1.2279379286
7.28637034602
3.00127656428
7.5861797808
12.9951962257
6.37176018615
11.3169658331
7.63721073924
14.5254987383
8.06852470744
14.5074068786
9.49551758635
5.73462575497
14.1558997421
14.9460957171
12.1269216292
6.08869724089
18.4559654834
5.97065603601
5.70854875488
8.16028458641
17.2861873837
18.4644339745
9.76816612932
12.5983907955
16.0257857689
19.3928370318
11.9265188906
12.682856057
3.64120853274
7.44012407661
10.9958486024
12.8782289635
11.8469666948
17.4121480749
3.48573829293
16.1162754322
10.0855481082
11.4183656407
17.5558487078
2.05676767604
12.1671439986
4.2841617628
19.2245362464
4.64176245961
19.6885152059
12.1957033916
0.786733485651
12.2989544182
15.3745150523
2.86354091604
10.8197773996
8.78637797717
12.2197398215
16.1569253086
1.67610806386
9.77255476982
5.38269909813
12.8698392036
18.3208380439
15.5337362055
4.15644675014
11.9636064356
2.8731196942
12.8551439356
7.26615660838
19.4344941968
12.2212139524
5.39232356063
3.46103257795
4.91138224909
15.6896176723
17.4781587514
11.9716649015
1.93474989454
9.05380179369
13.2977429064
1.81994366756
0.415342681612
4.83486661289
12.3777536228
3.13899081424
1.24658824002
17.6483673157
1.70941467764
8.89304032359
5.1435073083
11.2863689001
6.9324953426
9.93033818058
5.61598581091
17.0203481603
12.3411009151
14.4352384578
0.966030655353
3.57656399616
16.1413549028
0.938900054168
19.6167667785
3.93141324912
15.9135981099
19.8486479859
18.0400048611
4.20895227694
14.3454608988
15.3257819158
13.1851488462
6.05581490463
10.0276408499
0.79968759261
11.8544280684
0.832993974484
15.2404586909
7.48303022978
10.4900843121
13.4500573766
16.3560017485
17.7810511872
9.56168826871
15.6331922559
13.0419406359
2.56677815488
19.4012922484
8.56361213209
6.25881698419
8.60085980176
13.3713712979
13.3398598424
17.0974403115
3.16535353149
17.433173128
5.34944333647
14.2115567993
17.8945054622
18.9909715362
11.0260580337
1.72191744817
19.8931781255
12.4838893946
17.7405203276
11.3077196885
13.102304951
17.8352285966
3.1618504447
2.6292743721
8.79658067447
8.63956592193
10.2426021152
17.6250353819
19.5746994619
13.3242713261
6.9649015436
2.14404131378
17.1767983098
17.7115424264
7.86192996322
0.97497428176
12.0532233724
18.0945887442
4.22995087527
0.490084564997
19.8577465481
16.6317235077
10.9841265219
11.4625513628
19.1900803824
7.61573436973
16.177897996
7.73776055754
10.6498940675
4.40387888802
9.35091850487
4.36515717099
10.3499523579
12.2941883925
5.32397345522
18.4245703485
5.41445913761
18.2457287326
14.3656110486
4.10267233356
6.78609107075
14.0735017606
3.80793147647
16.5910402234
4.5656738357
18.6698832127
14.8019386375
14.6845341019
16.6428921944
6.02585479065
10.8997700774
2.87510092076
10.4252016669
17.6257019191
15.2551549467
0.558225862632
13.8328488103
19.1197929498
19.8191454004
2.72985582169
18.8373203885
10.060921461
15.7653188169
4.5082466568
7.51055028595
4.85364210895
4.66007394324
19.9789128023
4.67663202666
14.8722996844
3.51102110999
7.34206414005
1.83170146652
7.41543117726
7.57492390578
17.5586035097
9.75002014862
2.83658293566
3.68988720748
9.98083025784
6.91735400706
16.5192814162
13.4408385115
18.8402742442
15.572466532
14.562241453
15.7424444294
12.4559880633
6.32130813535
10.051608861
19.4428290597
9.2250465151
11.7625143487
19.7730683833
18.3290478073
15.1624804055
12.7411944455
12.8142035543
19.1382507293
7.39810764338
17.3151093728
0.58816089411
5.95620433281
19.8163267365
14.846378171
14.9794715441
5.20996766076
19.1216956202
5.87927848314
1.54375998697
9.92887187941
12.1222857289
18.2932856324
4.24113320856
6.60462615781
4.93847607102
3.76001906386
3.23914337363
13.5143960487
15.9164376117
16.263237881
17.5825183038
7.01000189988
1.48269972488
14.6389051081
0.76035330622
14.2455372797
2.59061568436
4.64539820968
17.1943594877
8.85528942921
1.13301036563
1.64997188196
6.02867904162
12.3552766024
19.1111324012
17.4175241631
18.4839722895
8.78660893794
19.0865650438
17.3867744448
2.78516066061
16.598780219
7.94093730371
6.8912022268
6.73157358182
10.5588066473
16.0145733374
8.22978786777
6.77436169475
1.24884067576
3.99609125375
15.6174838032
8.25958520301
16.7879377309
17.2895299541
9.36094780152
6.81301610021
2.80029617772
5.62774443997
6.93546046631
5.54714750613
18.9885148132
10.1761831174
3.77005193494
17.9611575746
2.57272240536
7.20648188152
18.2338441851
0.975935016694
3.022943016
6.35747232393
8.48800106532
16.2662747208
2.66633280141
5.74865672235
2.37160908785
10.2460714143
7.89812033894
12.6718975674
8.51752034729
7.18083322941
5.17081783633
9.23814619252
7.23667362771
0.241242746489
10.8666728684
1.05688436437
13.8803286538
12.7338408157
2.79885050842
2.00411608643
12.5160316076
12.0206756948
3.99779283227
4.25340275926
5.51729502398
11.3214621232
9.16028189716
7.9855852093
7.37850484615
1.66804527252
15.6765839678
18.0834621608
11.662699569
15.4973633843
8.70218447618
17.3102841231
1.5873620719
0.331905287496
14.6136398894
15.6458193191
12.5109526859
19.7336590693
14.6804305922
7.67157142621
18.8231832292
4.16201156514
4.82637107036
6.87617497176
5.69945631531
19.9371461079
15.6566290766
1.69416288605
19.8435136687
14.5735534455
4.52903530012
10.5702381025
8.27377931358
16.9756067813
19.7859567967
2.45137931717
11.5991065745
12.971974417
7.93618182238
15.7413355691
1.77237443796
14.7221226818
12.5433374086
6.5617431345
3.94216142533
9.82241710051
15.2207195915
17.7013655776
8.47886030732
4.40062315066
17.3804429736
4.59879235097
15.9964368813
17.4156124791
15.4618486551
1.8692716326
13.1921545369
4.31768019202
12.8658615167
3.90759472463
12.5599166687
12.9624107356
19.047463399
13.2282379943
9.06641535139
12.43494612
17.56565355
17.7850123698
18.9702012017
18.5612654166
8.92354652023
7.65985368146
6.13319010772
5.26572752917
10.9663476783
1.15392537724
19.826705477
19.6171818719
1.92144383038
2.93485922704
12.4723879648
10.3795976941
9.23841760322
2.21667157508
13.5048838346
16.7297394159
15.6379928721
6.18844143055
13.0891984002
5.68851297317
7.0060245585
10.7612128015
1.97422417902
2.57890268161
2.17672431704
3.09403558804
8.02613091654
16.9082269294
2.108900962
7.69408101166
5.242839208
8.73125656186
14.086351352
18.747543727
19.1952587989
3.17184353715
7.74089133669
0.267716796032
9.49330986004
9.26996834638
3.72025116817
1.76847824445
9.13615319626
10.1823508693
1.05426970517
13.300763758
19.2504284871
19.0619048582
15.3425084845
18.630708629
11.5943073439
12.030984846
15.3443073701
15.8410162858
17.5512350625
2.4176651414
1.25781462405
4.17108999811
6.06611599219
6.30191468415
14.8218644362
8.51979309011
14.3596053178
14.5711536931
14.6786452269
9.89272052436
8.0075731218
10.5593445064
9.43222995699
7.21445925632
4.24256841601
2.81584841905
9.81477229928
13.5308075918
15.2433446083
2.09559199079
17.5339592442
18.910515381
1.89694301174
12.0159895321
7.24887226572
8.84680342404
17.8295916264
19.0016937067
4.84605461102
11.2179231254
19.4297083249
11.5867405167
16.9034262331
16.1937643422
18.0375776294
12.0692399141
8.02676218986
17.8198505924
9.85186567103
7.00526275157
6.68379128035
5.36037542294
11.3037583126
13.5472296135
13.5324315825
10.4333556065
18.2909996028
10.6360771212
19.2186707505
12.9130156506
12.512042378
13.8874244521
8.80122597197
8.56588010247
11.7910831425
13.2283920521
7.51900496997
15.6957621253
4.44276019138
6.40246215203
18.3501746896
15.1915719965
13.3329708561
10.6475209726
6.64775232878
5.44017207253
8.91655569589
5.23956302798
9.19963042317
18.8082883867
6.61527019921
9.20930215083
13.3201884358
6.71542839686
5.46858788244
10.9288240723
7.53653013786
8.36465534003
16.2259727842
18.9241883021
14.0057512937
10.0603578261
3.68798385979
11.7433198933
15.6076782451
12.4148339473
1.916676959
9.55037123818
11.1573697839
2.06341986285
2.5062666971
8.6034102806
14.6537335958
9.28012398347
15.9623920216
4.03868435269
7.55253409527
9.68021837709
11.7027022578
6.26001345834
16.4624133408
14.2986210002
2.27896875034
3.24484457435
9.19934742907
14.9461309612
17.4250971545
18.358830668
14.9994300769
2.5850924484
11.9501069173
3.91669701614
1.80965690608
4.92425441222
11.8131564661
2.51522334566
14.0609709875
14.4677014327
14.347446573
1.60590015826
15.1268594545
12.0090131083
8.46051474754
3.60434619862
4.04085565615
15.9080029508
15.9739056877
0.395834204538
13.0614803283
17.0446703521
9.39544821811
19.3053863105
19.3576940909
2.90043681192
10.7700602523
3.680713077
16.5080922173
14.1414712064
6.84360357875
12.6849588904
12.8398456514
16.5666348797
16.0704931997
6.22992895686
2.97537810965
9.64225763057
4.73886299069
7.38540317935
18.6380717432
19.5212555615
19.1424220331
3.65499326898
18.7368866673
7.75592637299
15.2581002405
2.37179379763
12.2873267347
16.8977011537
4.18848012002
16.4559857766
0.431674939813
13.4562405377
7.55801456206
15.6120270001
17.5788817495
15.1796495952
3.02735720258
16.6544384744
12.5621361699
18.4476733611
9.52597199183
5.01897923842
4.1047550946
11.671364756
2.87949710948
18.6834084164
19.9973223046
5.0411764733
4.35541615971
0.773938697483
15.3041808819
3.64270865313
13.3250095492
17.0112790534
7.10713675935
15.0323716876
18.8633624057
2.78723496045
0.366341455325
13.09554362
13.5818599928
7.19223824462
17.9342900282
18.6877717493
15.7954386114
1.57656184895
15.3445808149
12.3472295745
16.0094481389
15.2164587817
15.4373094509
7.96090727447
16.520257437
6.00361283279
4.35223231078
5.38243270527
18.8437893116
15.5119306347
1.45765472289
1.60876717185
11.4898482251
9.65820302942
12.7567036887
13.6176232343
11.4791656203
2.83927891101
12.0425520812
6.58351222978
15.8699193865
13.3975316616
8.97591946053
1.28044907147
3.39682846437
2.68055827429
14.9568367987
15.8183117694
5.92069172368
3.09935900949
17.3705507478
18.0180027744
7.12806549325
0.25507857179
0.308346252965
3.58483233433
10.9518346623
0.948630430181
3.82909606292
5.6300702853
4.25699315651
1.45044766251
2.96605902509
8.58343788747
17.9671778043
10.6818275163
2.91702661839
16.6585744337
1.4273225607
6.88695556903
2.12337367619
17.5353765769
10.7878498158
19.4996996493
14.7543127806
16.6939240329
4.35491588622
1.2732161196
10.3136513141
1.8336261435
3.03285620827
10.9570508513
11.7107726466
17.9569639199
6.57977768566
0.268289831017
11.0572551066
2.03405887215
2.03170702993
14.5497052617
2.80167478345
5.67668091095
4.87610958112
0.301793867326
1.19481454122
12.8043599024
16.6646357131
8.00991008954
19.6546526126
10.450958824
13.6844482629
17.9516778316
17.8940890488
3.59572564884
17.1884864412
3.06334067119
18.9376283396
1.0484284235
2.44846523227
13.7832196396
9.95945523453
10.6516834223
4.02550614752
2.02365963154
1.57869253158
5.92289394928
18.5053337269
1.97786020957
12.5602273083
7.01258998028
7.93026168249
7.02505754185
4.85413946081
12.1480393814
15.5388008978
16.0193263817
19.8996123183
19.7620488829
12.5645559608
12.5935982269
2.23450748807
11.1960027996
12.8387291691
14.9834937282
7.85250474609
10.9735729581
2.47885343139
11.8807536002
14.0078386745
18.4404458353
9.69981011409
14.5037826512
1.98126600125
11.230537501
7.64552076219
8.96324025636
2.08524705822
9.57564798604
8.40678266035
4.25310553604
4.61053311187
17.518464942
16.9416078312
6.90182496585
17.5452944853
9.95291878344
13.8063431912
13.6060485897
1.46370026174
18.2664603121
3.95783808405
19.3574164968
5.96235273991
3.5524143356
0.249099894947
7.90928185991
6.04563157387
4.61058269117
7.94047403007
12.8270608918
14.3548674249
19.6720623721
6.81173441016
1.84546611009
5.67807263054
10.3333499866
16.5148094755
12.2720900199
0.710107890545
6.66623749135
18.61117107
1.55774207515
4.97079106017
4.89842773857
19.8901799428
14.2953312175
17.2670293302
19.4256154147
13.113966204
11.3195519841
5.64505711336
1.82930721774
18.3988048221
13.2456532507
1.81775503581
9.92041300003
15.2583940608
19.3842341774
5.73139610108
18.0521875693
8.37860764487
2.67207225809
1.92277724082
8.89937971432
5.57982471436
10.4400178693
9.61154839341
15.5041705394
2.96236070599
13.1236739522
16.2296789815
5.94390581257
13.5049352482
9.35874866974
16.5656176453
7.23630935861
5.69460766248
16.2952504314
11.2839461641
3.29052166457
14.4665343857
8.71362228161
11.6739249073
10.2468068082
6.97163976401
13.2414733871
8.71952144604
10.1488645705
13.4552245669
14.7854459157
0.913055008512
16.7357939418
2.81145342724
1.5672091398
7.07534153604
13.7387491578
11.4453323936
18.2091830664
6.97773898432
5.42362422046
19.590616937
2.80871290463
15.230596573
15.1919222584
6.39507976585
12.9146038282
6.02451910279
16.6570363291
8.29916450173
10.1647019373
19.010319411
2.23250263003
13.15305737
14.1376636974
11.6789453548
19.8250135467
18.0824899433
7.75433985663
7.20701472825
19.3711406635
2.56856331458
14.5545187698
0.728680426875
19.0804717748
7.25349960966
18.1191088351
19.3573955542
19.0077864473
0.556955357947
2.80621839221
14.298819554
6.61586677067
15.8280665702
15.171990649
19.2103183961
11.2961413797
2.27742558296
5.1686190231
11.2623396769
7.55229749411
4.24026223761
13.5061725722
18.1459695332
6.629025868
11.0212307676
0.473254919215
18.322237652
19.9020266752
19.041294631
5.23036113312
19.547134467
7.78125573301
6.14169616762
17.0337776156
13.9007524041
17.7846438248
10.9237268039
15.2086275898
19.9202769048
10.4356187728
14.2745369695
9.87634724396
14.3533901772
10.0581161082
6.26514519921
16.8294636707
17.6238244675
18.9201723282
16.4366396504
10.1924060946
14.5488545049
4.36887556567
9.71735624033
1.55653042513
18.3970726916
12.7014740093
9.7661247873
19.2821451408
7.48385429963
18.125986638
3.02028401752
5.12357035682
18.3073869432
13.5577599004
7.25892409511
14.5293993995
17.9939571194
1.75951310545
9.13352846766
10.33925871
8.38892465631
16.7109065733
19.6472204867
12.4997991403
1.04818948787
1.31072605911
6.27508416185
8.08286612006
16.6434084811
16.8490324322
15.2150896872
2.49655832775
2.91146273332
7.11330822979
8.12990619937
4.74789500314
0.219675398561
6.43785887547
12.7090559933
11.9006511752
6.14215445131
13.1887473173
11.9434500087
10.2544677644
3.97865981666
19.1125225911
19.1430902969
6.45899867252
12.0759365582
16.2479675257
18.8730569277
0.586434647414
1.51022086353
11.9133876178
9.52156327997
9.97000595225
11.4410219247
10.551258931
7.5385357971
13.7807802724
17.0436652896
13.376607118
10.2872141775
10.6710462518
18.2686113004
16.3988484727
19.5980753788
10.3944721609
0.395124030179
6.27147198374
6.42610918587
16.3605053753
3.62682148922
14.5932302303
18.5664054103
19.823016716
11.529383231
3.88909576095
4.26374859662
7.03087629755
8.91745329966
3.2870440992
7.68449529901
6.43071723915
0.389004995983
18.9007449312
14.1676093128
8.56993888201
9.42373913594
6.4803246122
5.63364428345
1.18258968078
18.9859655239
12.0708147324
6.97178948587
8.18217677367
13.9562746748
0.358412044346
16.9894168371
14.8671179224
14.930512244
12.2631951208
18.767464554
0.586093525413
6.17867053665
10.6224631017
14.5516124412
2.46821804378
10.8539859189
5.56565817022
2.67108099458
18.1242267817
1.62135046208
8.3306097369
18.8802073141
9.36097206056
6.61910365156
8.94730599156
8.57554295584
2.05817596517
13.5834228337
6.85996730285
2.59551260394
15.0315862976
12.4191396466
10.5302017717
15.1024903819
0.976745364774
15.5456143774
13.1952524542
7.16943207049
19.6738907101
9.12427145905
5.75717401617
2.41526476014
1.91942128591
14.4969778004
3.20702999098
12.5148404535
6.96895957982
12.3044791416
15.1807286633
13.8385402038
17.6167052567
7.49157541669
9.01907797006
10.8517723874
1.12187494186
9.23008289096
11.2721723532
17.8882187997
5.37473303136
8.86503639681
0.704892727899
2.39318392836
9.09078452968
11.8934689613
14.4869502251
2.31951646177
0.775812479091
8.19792164016
11.1023545947
13.4742626216
19.1536254652
17.5264199392
15.6391677122
13.1633292115
2.24442092946
14.2459555919
19.1313907102
11.6426308025
11.9756970153
16.9032982444
15.9652224317
3.74443152849
16.5984707132
14.5323304106
16.3653234153
8.92912726094
3.88257573066
3.50684528516
17.1674791009
12.2816060352
13.1083717209
13.6785527689
1.23923687707
5.31563777062
11.5763780972
15.3823113359
17.3746244787
7.67811300768
5.71225729725
1.9708826472
11.6158733426
15.4168359545
7.29614235342
10.8376646064
17.8680200044
2.06083289588
18.5707378226
15.145552537
10.1985797223
3.99140427343
19.464771456
10.1923834617
8.94491991587
2.98047583569
10.6636997394
0.895168293704
14.1435539277
15.9827609586
12.6626293273
5.25010287032
17.6017072481
9.25812380374
12.1639324774
19.8922555864
5.12629558249
12.6163244663
16.3898184114
12.7338724094
5.45923652342
6.87958702191
6.02632428622
19.0083035791
17.2046997185
17.0759951855
10.0981043552
5.17662303607
2.72179096815
14.567726985
8.28627496243
5.76778114392
13.5465545338
19.0716936795
4.83404522709
15.7863180724
2.88385302351
2.03194268152
12.8023939976
16.6537801091
18.8751054117
15.792312974
8.81156096381
13.4160941858
11.1915255317
15.4473920896
5.19717253799
14.4689730763
15.1196605392
19.0219711627
1.84186292692
0.880556661546
13.5404962442
8.2274073351
0.729213337033
5.92117597018
5.86990326143
6.77248132398
15.9636196269
3.07937560753
10.9204520727
3.74053055158
3.42972852928
10.1602089405
14.0357619528
7.44294574198
17.373189356
2.64081185766
0.672725567137
19.8617525105
7.93065572253
5.33899342214
10.3435982251
2.44677390386
11.6088408866
7.06190465857
1.94060460265
6.28321347304
2.35593270457
0.434741473244
6.92102802932
17.5224295857
10.3268946875
9.0871181232
18.2690100729
11.50817253
14.8362037235
2.32962346542
15.3126314487
2.10018396145
3.81168954627
6.41266648665
7.01554512299
16.5907658189
7.93638083762
0.30283016649
1.23735093723
10.2692327354
0.559588389826
16.5297738705
3.11649765497
9.17336634371
19.0006004447
13.111966817
17.7062460528
14.7260248607
2.7171256392
8.27926421582
11.3212486837
8.15282421757
18.8526757419
5.5635570941
9.82741618044
6.82379807731
19.8026503179
3.68672821515
4.1893971057
16.5613016388
16.6301205405
16.3339031553
11.6338477229
4.52572616824
10.4269961887
19.1967571774
3.07871682029
4.81463239973
4.78665147291
13.5360635575
16.6698881588
12.2379232357
14.4102412234
9.26996098158
9.11920727602
11.4260516305
8.45214453936
1.508267235
16.4735271871
14.1206505306
0.293982706127
16.2666768945
15.5680954055
19.6458287459
1.68870128223
4.85160505627
6.78235965303
3.62924632162
7.71636476949
19.2476616494
9.21282900715
18.0085879218
5.5865903195
12.9442936685
15.1953553331
0.911801390353
16.262422793
1.41940087982
3.22419670894
16.7824112247
9.23504343425
8.07793260431
1.59111470398
15.7071372898
9.98114329395
14.8591210621
7.59395816337
10.3067981689
10.8879179536
5.71302370574
18.4635921912
5.64445745448
15.8232060639
14.2598826107
13.601721843
18.5051755209
13.5553514939
14.4953039063
9.30071676581
9.9896882134
17.3818750189
19.9402563341
4.85003861742
9.08033407555
11.4402742628
19.9549860261
7.42199130489
11.6391758045
0.720868274705
11.093508613
14.9693178359
1.26837110531
18.8401351896
13.0094155919
2.04073668475
2.19459015091
11.8744306203
15.6579670805
18.8481389032
5.15836960661
7.50128770838
0.473360948308
16.0720082375
17.5317578772
9.8854755126
6.54685015155
16.7160347239
15.1694678858
6.93461277083
2.26577571769
15.5451446538
2.6564436028
3.34780395025
15.7366760427
3.556491009
19.815699064
13.122903272
8.41506155929
0.703360162313
2.80778494976
15.1734069669
15.5879982812
17.5693176856
7.82330027814
7.89927890724
19.8337794245
2.07271348291
8.58596733509
19.1059611407
16.9996986897
17.1097178145
1.71920375396
8.85575010478
16.2943329854
5.59891618538
1.14283802053
16.8556984688
4.95478398123
8.21455624272
3.2277102274
0.553482126622
16.1980656242
16.2534484461
5.90294851621
10.1627359564
4.85842245373
3.7987523891
5.59915309422
12.6199003835
7.20083562458
2.53349533899
15.6530825045
8.23894509928
0.217592461141
19.471298617
12.1716125246
4.86295618402
0.937373630869
7.93564134451
11.3798681817
10.0060303345
4.61743331801
4.98352028289
8.20564519797
4.11749939082
9.85025593688
16.1318745434
19.2028998572
2.29605165928
4.82031632668
5.32173526627
14.8507199826
11.6571751875
6.27585887737
11.1551805405
14.8922454835
14.4664187714
10.3852108211
3.38395410524
10.2770349118
13.3725204965
9.6168154514
9.22632443258
18.2188498493
2.14351347878
16.9984101979
15.3785920253
14.2335777237
5.15871387032
19.3462129515
2.6582642196
18.0743841738
0.910943431976
3.89170259572
12.8665098399
8.7409986558
12.5145184703
6.41072801637
9.90994649637
14.9237203434
14.5297227701
5.02877746359
2.97935796362
2.67375277348
2.60485335502
1.98082286134
13.0429598051
7.18996511021
6.38788561195
10.5027263214
9.26068262832
19.8953455751
9.6162078377
9.92857428953
8.85910712908
3.61095695718
14.1009279473
3.0326973632
8.5976921747
5.4803215629
0.291167700889
14.7958269985
13.1973105086
6.16693684821
9.11339432625
10.7481640479
11.4249037112
19.5292735986
19.5731147872
11.4398149069
2.70720898535
3.08672883626
2.26896567171
19.9213354186
10.7841107788
9.46807771111
0.69699251509
12.7676306875
12.7868570233
0.315688425889
18.0101479763
0.99947843668
0.641201819301
16.1657619624
13.6754975118
13.2156032352
14.2528172936
18.1891540989
18.4744657854
8.71369607099
1.51794262075
16.0229003415
4.75498541144
18.233412542
16.8196142651
9.1566128722
19.330254248
5.87596700704
0.265460733667
5.14988639299
8.88207275711
0.709735287344
11.412360327
18.3466140055
19.6736657757
14.7779771503
18.684155543
0.20048767205
9.43733788984
4.22304362479
2.85310342285
15.1309918802
9.42080456484
17.9712815848
2.83099594946
7.25931724665
9.05022305276
15.5007667674
18.8034316828
10.3598238701
3.1560260051
17.7252729627
4.23550851504
8.32837325767
19.326362235
9.83252513216
4.48433341698
8.7687469336
11.8443433463
13.9561881906
14.652057933
16.3871601191
14.8783615738
12.4174346773
18.5505854542
16.3266901058
4.33571101426
9.60769890433
6.45551098511
9.29099850241
13.5161121467
18.7234933782
12.6839650277
15.1755315962
13.9959811904
7.00427926784
17.3672464498
1.88091215078
19.4607382955
19.2457726717
8.83746116475
2.33845798026
9.72261899158
0.691933159724
1.685670094
16.4357156052
3.77876597737
18.5447864884
2.95655117676
13.2094641209
19.9611173219
19.7133560388
6.83896227984
18.4650109591
19.746293059
5.77622095819
5.10701290544
9.45910118473
15.9397504405
2.92243595713
11.8325293134
18.7552935354
18.1817256489
18.5631446294
13.7762753477
10.9954876838
16.7119259996
10.4378508144
17.2672011133
3.59581529382
10.1143731405
7.81466247885
2.79867224412
2.17498998008
18.4533046622
12.7137283339
7.7065874368
5.45887630816
9.18112160293
1.31600354004
6.12840550161
18.8066057122
17.6050133847
16.2747121615
6.38190772968
19.0793638331
17.481402144
17.6478738675
5.42839345685
13.0707992564
5.61169000956
12.0225994182
18.1238623961
9.56989295454
4.26089501358
17.9449218416
14.1345545541
10.6076784445
10.698086384
9.87389418442
14.5110609463
11.9286067315
17.7707075384
10.709063021
1.17994179546
12.566625739
7.13506866407
4.60010692677
12.9789304663
9.61213650363
3.24399526457
6.99456596389
17.0812983578
5.95936354318
0.233927939776
5.32950906715
0.86237012515
19.3948472598
7.58701775337
15.3351789646
5.5651427401
18.2303903146
0.554670369247
15.4011812125
1.99423220525
17.6818543152
12.9423458123
4.52518035588
4.42965496292
4.16951440851
12.7465336487
18.3348140665
9.40008594887
19.4967475326
5.57661170923
0.854978224612
6.9764591579
17.6683363388
19.1963490184
17.2806489776
10.6970015443
4.09097668173
6.79170144959
2.8577674185
5.13353070303
9.52017079179
11.9351681792
10.0652178027
11.1963394928
5.41591173324
2.36799131909
19.0052174789
17.0922062638
18.1031130794
15.4845854267
13.2830098017
18.1469317014
12.0754594381
13.1231589419
1.51851322685
6.36311774615
12.5442070639
18.5968190313
11.9001511835
11.6720754502
16.0310629543
4.93766069094
4.97888695065
16.7727026534
4.67953087811
11.9462077355
19.2035463453
3.12930187869
11.6075139165
0.629865551103
11.72452285
1.62381413356
2.53128325846
1.51576359877
1.00274984647
11.0016733545
12.5910557311
12.5484935437
2.66045362556
9.55899465628
12.6809522959
