14.7859111225
13.3380243656
15.2372526711
15.1187078611
8.85483529636
18.2404576752
10.7746088308
7.3912640533
11.2960411699
1.86024030108
12.9582529784
17.5026712418
2.3072341799
2.2970272899
18.6712601799
10.2419397157
18.8477801189
12.6029873487
19.0676873687
12.1022471778
19.2001545188
2.7363060495
4.65914782001
5.58086511993
8.58066241773
15.5348033141
13.1452129672
7.81302136686
0.892330972525
7.33214873993
17.6591017077
1.44464646288
8.11685698633
7.51886709998
15.0186517629
0.212766433905
13.096423004
5.76450926943
9.1898020867
4.25402601999
7.89142181753
6.27876396764
0.358262126395
7.64165900036
13.2713325965
14.5717517119
18.5549114017
10.3061138052
5.22415768323
7.82946802905
16.1971258838
8.71031633995
15.8806403218
4.91030759631
19.2053717824
19.0015420386
18.721313379
19.4203887414
16.5628533438
7.65450672972
11.8042884336
10.6600150039
10.684584256
16.7562522133
1.28068836514
7.93465500148
0.462795512566
16.9038392161
0.757241066535
5.15626576908
15.6361726062
14.4823822464
15.3731026017
14.5457733242
13.0184632946
12.1832803237
6.37218422717
8.48559058989
13.0988174928
4.26121701295
17.0211649993
19.0363094736
18.4991800713
17.4050735115
14.7666415214
17.8447729589
9.202907144
13.3380902666
4.24890863023
17.9100331542
16.8985673145
1.74204994039
11.1768968575
2.41303581519
16.4125115443
9.20826254267
6.09049195983
19.4746452686
5.5120814157
8.46365304079
9.52574562879
16.5958640352
17.5496504757
7.70221333482
16.8048211443
6.31734408119
9.41240205116
9.51386462828
2.65670808626
13.2585843888
16.6734265957
8.05272121672
9.76162584814
1.64515562545
10.0213998754
0.716837051958
10.9830961868
6.92390309561
10.6129151274
3.46043300555
11.7991127611
8.0136475707
16.660950401
2.96442998266
7.24441603479
15.8059769912
9.53405461407
15.5162184786
4.12098036793
7.4506115543
15.0431070438
1.58711063215
0.806399839623
3.21590123454
11.8397100985
12.3079319348
4.78784456297
16.6698599877
10.8884341042
13.3155211807
8.91469789261
10.0726480469
18.872901704
17.9829623762
3.54955331746
13.408128299
8.47076155198
12.2379808373
6.60410307412
7.77121311347
18.0254659422
4.06840025699
7.52387398804
5.68538088882
3.74784185994
3.92501925552
18.2646533424
9.03350878286
9.11560649594
10.9526285951
1.44704648606
10.7463580043
19.2646844441
17.3015031402
13.2288646552
12.4122880851
12.0251326426
2.62459864439
10.9685943267
16.9544080926
8.38460709378
11.338707376
6.56436211429
7.31349483357
5.20985484717
18.1864948327
5.76557541922
17.5324844225
18.0534827261
13.2692661779
12.8748594963
16.5340484467
18.7795057358
7.92139099639
13.5301089436
11.6312287608
15.7821074892
4.73434180818
4.91008052196
5.2210747821
10.9067195098
10.1785862421
4.49286796924
18.1471106712
7.6654455582
17.9946032996
18.8535701063
4.27746933107
7.37332496737
3.98906284804
1.04116462159
17.3259196064
8.09370724842
10.0421670271
2.94194606487
12.337576491
13.4894002325
2.29891550436
11.9443004356
0.444535104455
4.9551994973
13.9005583084
0.323910482744
8.88431491392
11.1770123708
7.08314902697
3.86371106244
9.89965443328
9.20256517006
0.347387103369
9.4675504911
6.17514564049
11.7035125096
2.51478175715
10.6963918107
8.67433727175
7.62710947639
5.32048058924
14.5079316786
14.913779081
13.1818874756
19.5932849822
3.14166467745
10.0775371767
19.6510291902
11.209052352
4.83218501665
8.10075934877
17.5266265658
16.7089604425
9.53167382327
1.37152270178
3.95679897678
19.6723164213
13.5136124947
1.81039588776
3.6826751111
10.909279662
3.2013782611
0.848057105849
13.7820490499
6.61074375838
9.0685927511
11.8328394023
3.60570185761
0.985209181634
7.68199677872
15.0047779831
6.91891060541
8.44515277445
9.87958967973
10.098611785
19.6023672015
16.5992901907
8.16434042367
7.3305402802
4.36562538157
19.0942357542
14.5640776508
2.94242138778
19.4130535137
8.9260626525
14.2743539547
3.36448416147
9.71939560064
1.97449486747
15.8367998249
4.95826909518
18.3309839651
18.4855732713
11.4924974899
6.03328040361
6.23258594895
4.08844752631
9.00262882377
5.61581454549
12.878536418
12.0454186425
19.1289036889
6.43579198727
11.2347046836
19.533621931
12.194868009
11.4002685398
19.7628810843
17.3597133502
3.00471649572
5.38079240191
16.524148117
0.855418945276
1.58150117047
7.3783885457
15.1861665338
6.52415450801
15.2917413739
4.43236013802
1.07170096583
16.7776642202
7.77915088921
4.6877837543
5.36182372209
18.3809346202
2.11715404861
2.68799276897
10.754530058
18.0073538238
2.84395955298
3.45548060527
18.6390587491
15.4146350704
11.1594974163
6.04047025837
17.7051029632
17.0632218757
5.89054254378
16.5643406893
17.5399655388
14.2218571418
0.576371439785
6.31663924215
8.39499086054
7.87461280663
16.5682067343
5.10256837983
18.8509451383
7.91863264313
9.68456162724
1.67326863253
3.93087746512
15.5149233996
8.38212296483
14.6402863386
4.97191043823
0.758871864863
19.3532900901
12.1968366568
7.72089741557
16.4345079662
14.6227039822
15.7442453745
15.463659641
13.8982543214
15.3716255881
11.4579285301
12.5423068013
6.41029646443
7.60856740258
9.96315325843
8.77844134171
13.1973185362
1.24235230821
18.0418905601
8.1659288596
10.1299121969
0.210233305974
10.0498947358
3.75108301645
1.99168609763
5.58021623288
16.5117840195
7.05146068156
7.58310672063
5.13050899965
9.73501635547
6.59683478325
19.4517507593
11.2966750767
8.07597416505
7.27061600663
8.49179109303
10.870072899
12.7863545479
5.13383259841
12.6065032283
8.38963034934
11.0007628041
13.0288782601
2.94971595433
11.5385502016
0.509920929262
5.50602654248
0.521472342674
14.3609573613
18.3547180839
3.3231604069
11.4096678482
10.7031044422
15.0507503135
13.4756310704
12.3466661573
14.7594006517
18.5565379005
6.7579731089
7.77095861149
13.4632773913
16.834892962
14.12469868
6.90705152701
3.59656309027
14.3230577763
14.8819798837
5.92164154688
16.9007566303
6.74187844364
17.8923573534
4.58572858215
3.84791762063
5.86509553267
14.4735553777
13.4598109382
5.6361798951
9.95315857074
1.47501601444
11.6936210402
15.247516592
14.8884461082
2.67899958984
6.6491777385
4.83750729469
1.56187147908
10.5981729165
17.2149981116
8.90629342196
17.4599869904
9.55331397476
1.32771199608
17.4658991311
17.055154399
3.41789695011
12.185547416
6.31613744441
7.95187188029
7.07125846985
13.0333201036
3.33680857202
8.28393022647
12.4266944046
10.5425049459
4.37102717894
15.5450201384
1.16658597193
0.79037822123
5.29670564869
12.9216248394
8.02886900046
6.57263685176
15.6287499363
6.1789574597
5.89762514858
17.6156369057
3.11113722735
3.92118190123
13.413988497
11.9098260925
17.4262585378
15.2001182791
0.747945533701
6.32997405321
13.0741754496
9.71604517996
1.54528868297
6.15755079599
2.94984028533
1.30133635904
8.65242130549
6.72181282973
6.91637584139
15.8460789312
4.63286670733
11.1447319412
2.37953121241
16.1446131105
8.11556980016
10.8431385377
0.325795744094
16.6864547462
12.3496898303
9.8778442835
4.27144711439
8.05059738193
8.2622224026
12.923139159
16.5317644791
1.7310497977
11.5655349435
16.5956426345
2.91194262278
7.84157721598
10.7041615452
6.46826465078
2.90725072508
12.0366791318
16.1522991105
15.9079628844
15.3026841187
17.5872615509
3.72272050263
13.7945088804
12.373800479
5.29805551527
18.2415748788
18.4386713728
18.0439167155
1.5192790409
17.1820991545
10.8753880846
17.8668816949
3.10340328579
15.145419436
3.49849680774
5.5480915421
15.5281343351
13.3944629657
8.1715411131
7.54318343928
10.1840291122
11.1729081591
6.42689385058
18.9603384471
17.6377070536
12.5388534715
12.5874455605
18.9266695353
17.9818311965
2.12491250758
8.42124250064
6.75654197598
9.28150714511
3.03616089291
3.70221816385
9.72805192971
8.49325252173
15.050655045
10.2392187305
5.12568232019
13.2168103468
13.1882173317
19.8620652591
2.58883891228
3.78408412286
2.91129154273
9.32740978064
14.492032396
13.701025064
7.4345771251
8.70508255866
8.01341750023
2.64890332981
1.83161232203
18.9877753509
10.0979278713
5.05264715144
6.32215196679
15.1557324502
19.5960946785
14.7709830602
2.8468162614
5.75418786493
3.47015377191
1.43537925014
8.78932000619
2.13635208725
7.32884777481
9.69932928806
12.9652143294
0.716536967729
6.13878572193
0.788317092976
19.9691532342
19.3168911989
15.8226793934
14.248566511
19.5773807755
17.4013018818
14.8960733562
17.5680233399
9.20107086954
2.29845785955
9.65513886199
3.09289095058
14.8432557846
9.56511851128
13.6488568502
16.6878125729
18.2020963074
18.6405255257
7.16158964081
8.49337395863
7.71563095818
10.0894141035
10.6325793629
16.9926257717
7.07705435939
0.45561034451
18.6251183393
17.2981561246
18.5956563314
16.9809269841
14.1839582231
15.5901163173
18.4098633963
14.6039935426
3.65015532592
4.08991299495
2.18068666825
14.8950673556
6.42454046676
0.530257625402
13.9193812955
15.9765316772
3.08938881465
4.34875407223
18.1772521766
17.4296179547
14.4005393282
3.71987257767
0.505146743032
12.84127135
0.748998609364
5.27948413197
5.49173184497
13.0877706664
0.838587071131
11.8779911989
10.9814718073
10.2991020765
0.700522603672
1.11285280034
14.8527481262
17.1215932676
11.3333403403
18.9769147226
7.03420076042
8.06309367429
10.1932709265
17.2712216728
8.71479644118
16.1066185415
16.1520573114
19.5147495957
19.9123525106
3.33115572987
0.477364386671
16.4709571271
13.8628642623
1.35361119872
19.4035213345
15.0494592263
1.39786686854
19.6384116736
3.90293826807
6.88203461837
9.35526656366
9.19671885851
12.1894213493
2.44027171297
9.54012187581
3.57854167039
1.13703157647
5.68667252485
3.301080211
15.3009871006
14.1628587651
18.4984226336
7.25361958558
2.61365391917
1.12260594254
2.16486105589
13.8860326429
18.2741186677
4.58814129427
6.20595870214
1.25493808209
0.681125501789
2.75071568913
18.6110684196
5.55642481911
9.90361235505
2.45219555475
7.84930077372
15.946886029
6.70951521174
8.5758492146
8.21283653492
11.2871114981
5.29494799433
3.21047725929
14.3999899222
18.1547288821
8.87494636423
2.63762004619
6.29076126038
12.5067144703
5.18672362132
1.57431103514
10.0917228944
9.02506266199
15.0984604643
4.27994210104
2.24524193658
18.5060141003
17.2067766185
0.624201967928
4.62329068962
1.67781638904
13.812038782
7.14948608465
11.1828017514
17.2447375231
6.60033687663
15.6649503214
15.0766230664
2.66228445832
0.713615648424
7.77308763848
1.12033112169
4.46272533553
19.6763080532
7.24900450194
14.700810074
10.3660602996
1.62395550101
15.512612896
0.294659584041
9.28989388175
0.533086327859
15.1417334169
9.19419209538
1.30176454337
9.47643606793
16.5817032373
16.922555303
0.780899032783
15.1694763042
9.11111589298
8.81610078918
11.4167707899
19.4560633084
12.3620859742
7.2867949469
17.0438720505
5.05596307782
19.2422819262
11.6227556
14.0159373785
0.645831252906
13.4332819128
8.87200938195
2.95910464075
11.0236582027
14.5441322265
6.37201500317
10.4674159995
2.17516762116
5.18492983656
3.11933046169
19.4196719061
16.0481108361
17.4093158962
2.17553844381
16.6453367195
7.28870292298
9.09681641343
18.3668601261
14.7517053427
0.460355777762
11.092267322
16.214919526
15.6391350804
6.94246214548
14.9983496956
1.59454167196
16.4915991708
13.1204950148
14.5323608838
5.21258318166
3.16143695488
4.67656792598
10.3925072494
18.6003866816
0.276149712063
17.5790745541
19.5874337395
15.6953536897
2.07253001843
6.44488438045
8.48439482213
6.16545568191
17.3406440044
8.96824554612
10.7507194638
6.26648497066
6.59916370144
15.957659505
1.52407583718
0.437555117698
13.170483475
4.55150158389
12.4757038633
15.1155502701
2.53628839046
18.5193469097
18.5691154027
19.5903996305
6.86770787049
5.876669155
7.91049387426
8.64079616545
9.4476707293
2.94622335022
9.14909280468
2.10749302242
9.48907122336
5.94585551267
9.96015678747
9.85896823509
19.5758854213
3.55766755894
10.2182487165
14.8175405436
12.4832849129
5.14023268228
17.2614443643
18.3600275018
12.8257376713
2.29737988222
2.2752500718
7.31497329929
11.5547897602
1.31402492598
17.1710355274
3.11667935006
13.3735309277
7.83282393797
2.11202466794
10.5544173918
19.0067072697
16.6729578412
2.12534859473
6.43717777749
2.35916918261
3.17814768891
11.0843312507
17.3111168537
10.859511768
13.9123225599
15.1613348188
19.8002563087
7.31108466686
5.09165451789
16.9001346748
8.65567529416
17.8433363761
3.0525354711
9.25747062345
18.2802233516
2.17797586941
19.5676014388
18.5770340727
10.2519507617
6.27962260241
4.4834007394
5.51154785577
11.1197232535
17.0165059376
4.68944193411
7.70259253719
9.67731100378
12.1197066373
6.99725608212
18.6329627197
4.40019293872
16.5975693769
19.8837373197
19.915096762
3.43125744443
4.01091211032
14.0366431983
14.0083302039
13.29998382
5.12958174291
2.84095193129
2.42615008026
11.0073498223
15.0103740105
0.842479443482
0.259322244612
8.91915335365
17.5156125834
16.3784986289
19.9428051871
0.880434535923
4.06301050976
14.1314045541
7.07486411083
11.5767585408
3.05549351287
6.78234007005
18.0742042848
11.1438076461
4.93178103631
1.74857464001
13.513291687
2.68649712274
5.13247321723
18.7938658062
9.45581299334
11.1357813637
16.647030016
12.3222811493
14.2076463006
9.46599367432
7.30845746221
10.6039202167
5.03400886573
17.3442942691
12.0212351871
3.08785400915
19.3601103661
9.68121324966
11.3741747983
10.6111124364
7.91929423483
5.81719975393
2.90329143377
2.99558987528
4.92183909721
9.5920195618
15.0521483368
8.45616223914
7.26211180535
19.8254782417
10.8897631716
4.4778235521
7.25302099645
11.8726732853
7.30400800753
3.77769591809
13.0835594976
15.3261403701
2.49145927097
10.4422712728
3.61692597875
10.5582322402
4.64869941596
8.59495791494
18.0271857753
19.4284769904
13.1342967796
17.5257071472
5.46860570019
8.57597135892
1.25071552926
14.7727146078
16.843959218
10.2040695902
3.75258089716
19.0792374598
0.249560359501
8.69985402346
11.7092104607
4.76827775761
14.2048014644
5.34480682755
15.8642029185
4.3960015049
18.6604812068
7.0071092821
17.2167807748
4.2990088289
9.5672074109
19.529184784
19.472155035
15.4579457785
7.77440679093
18.2629269299
2.34262034533
18.1381110921
19.4950103596
6.8305760292
8.5646316087
11.0592621171
5.38754470384
4.76887041072
6.17489517693
16.1296657338
7.17860744217
2.40162254606
2.784212569
1.79732398608
15.888483499
16.6628590391
14.9786400523
18.4015332059
11.4452017358
5.19049228162
10.8943410696
14.5392998061
5.42123459454
5.31072806916
15.7407463209
11.7968702005
11.8736723482
5.1198188646
16.4965054477
4.66146757591
14.0461795397
10.5670746775
1.62835447907
18.9442070225
9.78727258031
4.26796954189
4.23849051283
12.3667373219
12.2941750693
2.04680156646
6.87151141538
15.2153405917
3.21195803438
2.37448753223
2.157993363
1.72870655146
3.07151178902
10.0662246952
18.6602689648
8.549220447
14.1886514896
13.4200309751
4.44963506243
1.76199562609
1.72848270222
9.71033214373
19.4770948228
10.9252595562
15.6430457551
18.6087567011
6.15245238682
10.3896122573
2.17085457795
2.13508274521
12.6127758213
3.3544227801
9.65785072205
14.1267098555
15.7570658372
2.91283583593
3.26522159348
1.91885885446
18.3327670376
1.1915082823
5.89611780334
18.2205177713
2.08238312132
14.8821953065
17.2454820532
15.572512299
5.04347811216
9.83583102282
12.6563145084
16.3678873717
3.71869973057
19.2167640492
11.334732754
5.07996343325
5.54395372933
9.04332430596
16.5460673392
15.2382095464
1.06927871096
16.7754855593
0.992337990879
0.542302972792
12.6578041822
12.8963828073
9.61623117399
6.82885749182
14.6034949657
9.58706106544
16.5892331216
2.42670180327
19.3244757724
6.81616191226
9.89411311921
8.51207375994
14.0527525936
1.09042915333
12.6121465584
4.45151153651
0.346208027365
16.4041611402
7.45321332071
19.064850557
19.3852890525
15.5565795571
14.9957722693
6.17778326064
10.1778429642
11.3413172728
3.83303282094
14.2611766136
4.53409292562
1.20307787593
8.9928232107
14.3899363889
17.3807048851
3.75684875172
10.1215077915
7.61450838009
0.8355712423
14.4983628689
5.62022380645
2.16155512609
14.1798703057
0.918729665051
14.0701107635
5.20622383729
6.91104504417
6.17708264976
5.88218231117
10.1036170067
18.1084222309
18.7790288526
12.5092691415
7.0370792984
19.20989391
14.5818380677
14.8746953107
14.2761401344
3.356798139
3.21118871842
9.30480492396
15.307020537
14.6444604793
6.78562026366
3.65375451563
8.70197025577
0.430372091758
4.70731613617
12.3035048529
6.36933156765
12.6335894099
19.957254801
9.79774833935
8.46237602927
3.46642731158
7.21591205457
17.3236208671
5.94620565263
16.4632253728
18.1168483617
1.25226618174
14.2994430714
4.43275460712
9.99295300253
0.454570923638
14.6617910635
6.33678251838
19.5618161612
0.50782882031
6.04353335027
9.57196042438
17.2037137041
11.9335833478
18.0619174736
19.505605145
2.17805578944
4.32862214011
7.29909299541
13.565071659
17.0978693326
13.7339833536
0.760266809086
0.599192958974
12.6622343504
4.37347544189
4.66724709661
5.33589838234
19.8935614622
13.4799020339
17.8322882633
11.1178709288
13.0039273723
13.0164793521
19.5899222056
17.2357279443
9.43702896046
6.28712408327
5.46483472723
9.02924481785
14.8601952625
5.62451145513
18.7596531978
9.01367909095
15.1049939145
8.84093387396
10.0121567545
12.3284219684
2.03259216964
2.66503680047
17.9836440752
3.35108451441
2.94181957907
18.1920592506
3.66550929916
4.55159239118
16.9750042963
18.9842661905
13.041545046
8.94962866209
1.54890393878
8.22402821698
13.2710350912
19.8876660803
17.2638611953
6.65218511207
14.7692814208
7.72497296901
11.925918476
7.60847638818
17.2840232282
5.63682007544
14.9193799772
11.303680651
10.9464246682
6.37546355561
2.26410697893
18.7130305642
15.6457776734
3.49217504591
19.6711694687
1.46933019883
19.7099471446
18.3117329759
9.11158944633
18.1637871232
13.9966142644
5.40705247942
17.4287811323
5.56907475695
19.0594367403
10.5080921918
0.911737498181
5.38220026181
18.8037048203
7.83692712826
1.54064060354
9.63449087484
15.1791072177
13.7250218599
7.65590040874
4.86876296085
15.6518012667
17.5831104019
10.4239688409
12.9433217507
17.7621860979
18.4134652593
3.16299832237
2.48095784106
15.0690852072
18.7895458209
14.4126096294
19.9508651153
16.3219699569
7.12030748926
17.713132893
15.1726772525
12.7787008876
13.3697819004
13.3066057215
19.8839134817
12.3720335838
12.84859539
5.83781881751
10.6682679276
8.24285483128
5.55563636966
9.41157819473
8.62787268931
1.53005837391
17.7843452805
5.29137896543
2.45190147359
15.2969136359
9.24017951072
6.5089923219
19.5015606173
18.9509101913
10.8492413181
6.52566506174
15.7344048593
10.4610749373
18.8988598618
14.2904681414
9.10852329903
11.9021682844
16.830488731
16.0215866447
14.6584377876
16.4020886364
10.9545595977
14.7596740117
10.0497742986
17.021247683
18.2286275217
14.9375164312
5.4447452081
7.44068474215
7.70503291131
6.49372882931
12.8807716719
0.233113386542
8.6108297701
7.01895168882
2.91457720364
13.1582207907
4.26467592339
4.97002318188
16.4410793479
5.33540395063
17.2329172637
7.30262305254
11.8369119682
3.35532272575
3.16985807362
13.0512423907
4.67106165878
8.66300462423
6.25487286337
11.4352016952
12.3437714716
3.52996146486
13.8086884285
14.345117159
6.90360378138
9.7705692984
18.7584909586
0.201037062491
10.7438119235
6.70702021522
8.1697527633
4.44419898389
2.93740575468
4.90686997738
10.8642837477
3.84103101256
0.71551386241
10.4148637609
8.1060854968
4.15166999419
6.63106484201
18.6519038158
13.9655169074
16.5897604807
1.03456112353
16.0041474724
2.40917931613
4.75862065314
6.96908994637
6.21613668978
15.5682169066
18.6869502815
5.7673190327
0.612226556812
13.7422646093
5.44827241841
7.37454029174
0.315368285536
13.0419994852
16.3991418546
16.8341936164
5.42746093331
4.73379784356
14.6974248272
15.5977047442
17.1174981081
5.79439664776
13.5494164307
14.4284104534
17.3000173072
12.2318341391
6.46729745243
18.5962320831
6.74624207902
0.260495876169
15.6235565333
6.23109591025
10.4813338326
13.2315886209
7.81504544764
14.8301477259
3.42503695369
7.52540798109
17.5824584406
19.1062532611
6.70377854105
9.16756936991
19.0877090612
17.2665349345
15.9423773526
13.7363689071
6.52151434442
11.055938025
17.2325289908
19.2029533322
2.56980723984
14.9079411474
6.47217363212
14.2016387354
8.56031823161
2.83106686165
6.79010535378
7.37549828064
14.8338663998
0.233852443461
15.8620947402
14.8600479569
5.73127899387
13.9681990424
11.8509493147
15.1179970537
19.0747271465
3.31973696848
17.0445971929
13.0887698294
9.82428085761
17.8021265007
4.25225424603
5.53602938006
11.5207692455
10.8804646949
6.01957963712
6.07534721678
2.8791938659
3.19774569357
11.1185019333
2.30140292587
0.357622438921
19.8363573986
3.69587856032
14.4911810455
2.20671053167
12.3728782237
15.7241229785
5.92314854344
9.98571279437
3.67742490198
15.2309891173
6.46167161855
16.3879226585
9.89238326983
18.4417536014
4.94188214884
7.66561340588
10.0406984099
11.6950431009
11.2908143681
14.0560912001
10.4797651927
16.1412223569
15.3958960779
7.55899623232
18.3848327833
18.0179988367
5.12776906817
11.376746038
18.628464637
13.2693155843
5.36905884532
16.6188891229
14.4826469415
14.6647858353
16.7548075687
19.8352406747
14.9361320431
5.0166811806
17.8318995576
11.6273148396
19.4136727855
9.64425159359
3.73442243337
4.60153357248
13.184006451
7.49777924259
13.5729651739
5.20026292922
1.60785840147
0.451230721969
13.4094579508
9.77183296618
8.38689731573
18.6648179713
4.68405335649
5.27793906296
8.55458087198
13.661250861
4.12420902778
5.65902605373
17.7101695688
1.58799354906
12.1478139889
11.6978252689
13.9581306092
1.99115058847
14.5948090383
11.3359946739
6.14611354116
18.5256636322
8.31416966919
2.89150960312
7.04144827041
11.7672893032
10.0421882752
15.9066772478
2.89076916436
11.922230445
2.0533567222
11.8123190639
12.7518140217
2.70918011022
9.00791057475
19.7529588552
12.4004516064
2.81585316998
4.11321658796
15.2861931162
0.657239332795
8.23749986462
19.038842934
4.75585052771
16.1394513682
9.53461139596
12.3959207714
19.6074678669
7.07831656151
3.88957759931
7.52189961449
16.8809830356
3.06569752793
19.1539914011
16.7265978851
18.9605596555
16.3606484118
7.40813129335
6.95599911852
7.25365262784
8.50009885597
19.4798269663
4.36606265457
8.68637961294
15.3404491314
13.2980023053
5.65029361449
9.73659925432
6.86490563487
3.38438728084
11.458409992
12.9378741269
12.7369223128
8.55946450377
17.1679076104
10.7891253165
3.87207832387
3.85948001622
6.86451313043
0.448083411653
6.30757993417
10.0428089976
8.62768422481
4.64138528549
17.675293519
1.85582449419
2.10872602112
10.452371063
10.859272578
5.39830994926
16.0053925008
5.22011394884
5.75402229843
16.5718955197
10.6685704497
12.7293642089
4.60078474834
15.6247326574
16.7763461439
14.3417092909
14.2472923603
7.51219868444
14.8730280206
8.67724227635
13.0870127775
16.4821218875
2.538159834
17.2436552529
11.6314679158
12.8938342598
17.0168284026
9.4370155737
14.9696022584
19.455189063
10.1266179095
0.973234504988
9.13333117988
12.5902825857
3.7961266528
16.6447732446
10.4631109748
13.050668547
0.300041569284
6.26969792741
4.25561394867
12.0564863547
5.39500300115
10.9269706382
11.8520163712
6.98689293969
13.6338623295
8.08769185994
1.63368105773
19.4576610408
16.0051876632
2.00686572311
17.1888915156
16.7496935816
12.7074811023
4.93201996154
1.7866161607
4.82531610516
1.99049139169
7.59863313156
4.04263791261
5.06692369176
15.7322557942
4.14824572486
3.11979066111
18.9248802618
2.5474122464
11.4344797797
14.725309596
19.2417598387
18.2205800229
15.3249133011
13.0524784517
18.9233652825
19.2680966573
16.0564631727
15.9806144477
2.962800069
0.276833640323
8.29483615624
1.48905211286
13.3490885667
4.32425927663
11.3727904026
19.3108502721
15.9186374357
18.356588286
10.0970657951
18.9324512402
16.7918833693
18.5091250217
19.0760489852
0.400224989952
11.3594872533
2.25113237765
11.3517549024
7.9713355309
0.354457671421
10.2415435324
4.71339919446
19.142883929
1.72737820363
3.89506099967
13.9139342184
14.6884628973
8.26333300888
13.9184120047
8.82161966467
3.67915859602
4.65357777784
12.2116022922
9.63690974831
16.0970717933
11.437814657
0.596045045701
7.64478204438
12.7552995258
18.2598017727
18.0188480535
8.02355708431
12.0245745537
6.50508655519
2.97674637964
17.2835660624
6.61124537282
17.6738499407
8.44703426706
10.1035209748
6.57013166968
12.004729722
12.0824542075
14.5390094892
11.460874374
7.62383924202
9.30451407443
16.9702715914
17.4501371862
10.8939743187
1.62760770473
4.14509845833
8.18118739451
6.28444648502
8.58848663578
19.5091165603
15.6316692935
8.78463451726
6.69234193923
14.2452540948
16.4952435669
2.10449761848
2.11244856743
2.17019904722
9.74742419334
3.58021553387
19.1945925937
15.0434193769
14.0092353014
1.23968305723
6.06880697347
4.85836572879
15.2479362197
5.60750032777
8.84532486608
16.6517067443
10.6419898777
4.89776610617
4.89802170756
4.57036167531
8.70657494112
16.9850997168
13.6824081009
11.7772682652
8.40363689262
17.8361395085
18.4549076647
14.9898459375
18.5405190509
4.34642062704
18.5203812235
5.0659682523
16.7917893639
12.7146101544
6.35873671261
16.1928230431
2.67537240866
10.880467119
9.87116076668
9.21867920805
15.5522896831
2.31170180518
16.898221369
1.73268324738
19.4471881068
18.5849127289
5.35139031838
5.02888002534
17.8115495349
18.6995497338
13.2979627546
18.2927252764
13.8912250253
11.5107625257
6.78193159527
8.46546663566
10.171372585
5.91885207126
7.89342640389
7.17664835608
12.9713165413
0.927705836229
11.4367946279
2.03715671521
13.132909227
6.72905683598
17.1301050653
19.886285443
7.65187180644
14.4597831916
12.7850453287
12.1227389395
1.77021668333
11.5667972286
11.0192415081
4.61961672664
1.33371905359
7.22785962132
16.0264033217
13.3268641048
6.8007536168
10.7582552687
14.0124877102
0.486321178255
11.4443090247
1.95417836051
13.7486029822
2.23337167325
0.936744034505
5.46669016611
18.0778942316
4.0656868366
0.268024428246
9.64213912211
19.1413840974
4.02663390361
6.28932685168
18.4338433704
16.7053070292
5.62500424472
15.1746880289
17.9448142928
15.1185483113
15.8391645431
19.7272677179
14.99893975
10.8255172039
5.41856876153
2.74849950712
11.2596445283
6.34775589078
17.0231912367
8.67872410171
0.507598464674
1.87059692321
4.41624906804
7.11485715913
15.8545839863
0.991861647722
13.3256382211
15.0530758671
11.3127668688
7.28455235983
18.276134664
4.13355829033
3.19141123957
10.1487587148
9.54825752622
4.06234085449
3.69735566927
15.3162612523
9.69218569768
15.6995422291
0.609044378896
5.07068977918
18.6945762708
0.445535158698
10.6787162346
6.34736668828
15.580305934
5.78756215746
12.2139027254
14.2202497148
1.95162693475
0.655361839426
8.26229112165
11.388735562
3.29067132277
12.4674458859
15.4263823261
7.31140071778
13.1805219486
19.6634185019
13.3221406495
16.6380682812
14.8952966335
3.94736971198
3.66932707963
15.5583194971
16.5655488096
12.6949178855
11.314957107
16.6748451242
16.4209769398
0.60104990483
15.4788735481
2.50433572431
19.6473815385
3.79235688753
1.16562494688
11.5853132092
8.27635803047
13.5844996718
4.9937681
11.6152478413
15.0300805349
4.93213091238
8.62773257502
5.48135556098
12.4573927768
8.11836231818
4.78540012098
2.30144553832
9.30333830533
13.2757689106
18.7403181539
5.23120035915
15.5187095933
19.6974309329
15.6311814149
11.7895105247
6.21215043802
12.0639238529
19.9726048918
11.3886557321
14.1014413405
15.2811511681
16.9650319432
12.0336243722
13.6734300307
12.0605349974
0.704495075361
3.38549572652
2.63802908797
9.10466823142
9.36439856126
10.9641891628
4.00271838687
5.09408555652
15.8007802584
19.7466965465
17.7731043404
15.9261333652
19.1636016497
17.7405029275
16.8408212658
6.88658063124
16.597595392
11.0848706621
14.4119714991
7.85745423958
19.3839005118
16.9254117008
10.642418083
5.10966326423
18.5517274369
8.75679362117
6.66106577804
18.2904921761
5.97207099506
16.0572065912
18.2044191509
15.9246307339
16.5481959564
6.83185804669
4.24467125
9.64864423046
15.2479213996
14.0138339245
10.0287319476
8.98408890253
4.06749954969
15.6165449131
17.7210329046
16.7536655207
2.21415634447
8.81924638303
10.1171166472
17.4668046666
0.387679799225
3.1573899153
12.0581595455
12.4949470664
16.6065990748
5.10328743263
5.32226896094
6.46644377192
17.5722160363
18.1240289636
12.4575390705
16.2765680824
10.515313914
16.3461273481
4.44694403516
8.08213258977
18.7255419597
12.7511189078
15.4523752128
12.3568337936
18.1415795305
13.3898048407
6.27007378382
0.75590028268
13.9190008513
6.96742070856
0.440615625856
14.7355444991
10.4532581746
16.2446756154
19.7859974022
12.0535883139
11.5657896272
4.647720691
13.1154268222
8.59127072009
2.83489451158
5.11755095989
4.66361489415
12.8744058484
6.96964295084
11.5227707357
15.9318432968
16.0031680167
12.4092610368
9.87694860995
18.097923212
11.0519508712
17.4327550241
1.30946907551
7.95347179373
5.34075711704
9.37822748916
4.78856052699
8.80905990839
5.67506922034
19.7721534205
3.33924610939
17.4883539844
14.1103003439
13.5865290271
6.50852366248
5.61326629955
16.4534684944
17.8445213725
11.8027107365
1.770571736
12.0071387717
6.32736389576
1.30917108535
8.91149619361
7.05139192747
19.2071879186
10.2127119128
14.5959630298
4.2077690906
17.7094344315
9.53222960008
17.2881955264
7.58332981488
15.6253539256
18.7800300163
15.7187697127
18.3029829723
4.81272275859
13.8603580768
10.8383061015
7.60549826197
5.4635503644
19.5143232463
2.82741774483
5.17532096895
2.29070006011
15.6422492714
18.8032165414
2.45043258205
9.99673008673
8.93157997241
10.1307503063
14.6353076393
17.2703364421
17.7244066271
1.30811795072
3.54255814762
17.6442068469
7.40137103069
3.59763205973
15.7862812623
15.5440712107
19.7777960037
17.8558369388
14.4654804525
6.79406671947
5.00581280419
17.663659838
12.8433855627
19.0063575632
15.9438949167
6.41625030086
6.89766123091
8.11561702093
12.1664230393
0.304729925843
13.972597879
16.7523530937
16.6825359386
15.1056973275
15.1761217989
2.81124696143
10.50796772
14.9116970028
17.0179733727
8.75934780194
8.19733353501
1.45832476416
0.30518788274
4.21439626016
2.02891652023
5.43827995735
2.93087761726
8.93870121844
8.00059491748
5.13998185995
2.28784795691
7.65754684748
19.3601740012
0.420448379011
15.0049105778
3.57068550832
0.729843938625
13.8461679418
12.1982556566
8.47255719058
5.11694381146
18.8829695399
4.12976563699
16.8520110521
11.523157722
4.37375287854
3.19436088168
1.56389243978
14.2735441863
19.4421266397
0.342197112888
10.9820263334
14.0594154011
2.92871196389
15.6115996832
6.71841116226
4.94454376619
14.0948132624
16.4761214158
16.8606603321
5.17757268487
15.2364229955
10.6456564015
3.74738211174
7.60944524169
3.64016396923
18.1831478889
19.999191254
3.32585938949
17.6543061478
18.7384318063
0.990710199544
16.7989165404
10.7192766379
13.1911721122
4.71493804608
4.92347644634
16.415007579
7.69922457129
1.44803474308
1.12419761002
0.626336123382
6.13627800933
11.7450075496
0.976970092916
10.3142095577
0.546818470425
4.54610749047
2.91755489212
6.16988177919
0.772517872729
14.4975633984
14.7043000094
2.95153638593
8.23639372847
2.49474106097
18.9987210069
12.8518193365
15.2851875791
3.71409077131
2.86538165948
0.971926062918
17.9984799077
3.9772525045
10.1892130015
3.26539632711
19.6618763269
2.46642968063
14.2494067932
11.226586097
17.5761923377
2.36673914118
15.6404416394
18.8960301345
15.583473358
16.7805538893
14.8823507326
17.8744977863
4.03007006217
7.50392337842
3.35641132603
6.97853988528
5.876060652
16.2785297129
4.84128404452
6.66353757153
2.00543705698
15.9832741799
0.506070130093
1.89674664339
7.35632347214
13.9917974216
15.1784435568
11.9308268105
2.00449647565
0.35031721647
2.28439999327
8.09190839291
12.6589268209
17.4515374093
6.60393338955
14.4376057909
0.540689867148
12.6631687978
19.8331438602
11.7866556985
12.0016257973
17.7007750628
2.51513175085
15.0825088437
11.5429477902
12.5983314648
8.17021794568
3.14262279272
1.11375306629
3.80439028738
14.3018074293
7.94441634821
13.3340379818
10.4548114571
5.71594070746
17.2852705228
11.8349692266
19.8434177784
18.2131296263
17.6592155141
4.68388274099
0.475958847996
7.21732748584
19.0186956021
18.0292587615
18.6524490211
19.1086736621
2.54846358192
11.3926640842
16.2318247881
14.2090112219
3.32424774333
10.8298775891
8.00683133912
4.43759673785
18.8504886966
9.51309159396
0.719615598
0.733412764326
15.9013209766
14.1343503032
2.58796440155
6.7420637072
0.225682628389
4.50162422656
4.71660154692
2.16646850719
19.5157787658
0.793791499696
8.92196236697
14.6965644753
2.28723522213
2.91259391273
16.3081144345
1.15376178518
15.8172824896
9.14468572787
11.6139070389
15.8778684217
14.9049881309
13.3521661141
7.79085316579
0.801515344076
7.4644894207
13.8970384718
2.41041140676
18.9640048657
3.86925124584
5.49045807405
5.40527932365
6.07887443628
4.46123924968
8.3211840298
19.7586806254
17.0683478243
19.5632671117
15.3098013224
8.55514576115
4.31839634207
10.3438546623
14.8131660185
4.89982847404
4.24033985284
10.5586991991
8.90866616356
13.6477851567
13.9782271918
5.97483575675
9.04390848852
13.5846411666
17.7947065511
8.57417372684
5.56188242875
12.1670565046
9.7234806647
6.99984554017
19.8529595685
18.499321635
3.68224909823
7.50791652405
15.0135761586
15.5001387011
10.9661630164
18.8871576519
8.23635930402
19.3980666354
12.9565460611
12.8414448543
15.8364283245
6.25998298926
13.2329984456
5.39396774925
15.4554835236
14.3627474228
14.5263743347
15.5583020436
16.0604444236
10.531306301
8.83093366609
7.88637799389
4.68776159849
6.1493785747
2.2815898049
4.25621882214
0.375764744363
8.11946954605
16.9711002402
3.7675743346
16.4158730278
2.9174396281
7.04591691372
17.3815311003
4.82977488126
8.54218686431
15.827346675
8.29278732524
14.0643973305
4.4427886144
14.1644991829
12.2544688796
14.9637097406
18.5386392648
13.2734900109
1.08453667911
0.524456830677
13.0327498965
9.52383815388
6.11801623849
11.2604627186
17.459765169
16.7460524323
2.63942386576
5.4316498949
19.5710632322
10.8787263556
13.0063578789
17.3217166254
2.48667159817
16.4045042744
3.18247557707
16.0379271821
14.826896234
13.6034586716
12.9043240723
17.3511802505
6.43780821589
9.92957881014
10.5741699309
2.84921815948
10.5075205389
11.7962602468
15.0723871538
14.0580041816
9.11703168104
0.226612384981
7.96096848949
7.2013929405
3.65648572443
19.0903208833
2.98011732426
10.3609792688
13.4295204053
9.07407189149
1.58672924111
19.6488202127
12.4413298238
16.1576922164
12.005502356
1.08154073283
13.0046603224
7.59773982975
3.19760508381
7.80681125887
12.5977041866
10.694509447
14.9108331477
11.2048945756
9.68571855603
10.7725084842
7.16648185242
17.8127750265
16.1305377179
10.0475152169
13.7763075836
14.0527058265
12.2806681471
17.4449441302
2.60826315966
9.96467308336
19.3880277313
5.09892154142
1.60954977864
2.83417379854
19.5065870806
11.4191085456
7.16186121923
5.72150886456
10.8222957417
17.9329663568
15.7730016178
12.5616772029
6.19219821471
13.4324004526
2.76041074711
5.27801210905
16.0797697742
8.37859637985
6.82910617014
9.56696788959
5.87622279681
14.7539376843
17.9441579632
7.1184892247
11.4383559478
10.1374681865
10.4190487518
11.8639746915
6.43326061017
1.24765290585
13.0963615058
9.39638552464
19.9063522913
13.4819417609
15.2230794594
12.3083766114
0.660901330201
1.0870731367
7.06283535246
5.05552360451
16.3051145857
4.27817799446
0.287032189374
17.7315446776
13.3405975417
6.66831321224
12.1505310382
2.84871539526
6.77955175672
0.276010054942
2.49213079894
11.4534825867
1.09821078016
15.3772220597
11.622812002
13.4775590045
18.4513688334
1.10868604394
13.6213045095
3.69249000234
12.5308768097
12.7632330574
13.7430138894
13.7135894203
7.33798375544
16.8001463804
3.16779277815
3.8530612334
3.41031344015
4.00099222615
4.58416120283
15.1127119322
10.7025563167
0.628699030082
2.12513495443
19.402908729
11.0361777621
15.4087394567
8.3843514408
17.8243098788
18.5274675191
7.23525412067
0.231142054645
12.161373741
4.85426479826
0.25958537942
10.9628356488
7.00615263672
3.06068067714
17.7878291737
9.32954290697
19.1397528313
0.772759303061
8.83043471411
16.4663119271
11.6324956751
8.14698828437
0.666065050007
3.53429497089
9.65221955309
14.571021134
15.8364887868
13.9846149941
8.76432164666
11.8122893409
12.6355240047
2.55344231584
16.5277490658
15.6968603683
2.83741330319
4.06225276733
14.3417202865
13.1055796378
14.6944129063
18.5922387744
18.8216288811
19.1045435602
2.39512495541
7.06664712972
19.3157970789
1.539504466
12.5002528692
18.8794333492
15.3414448831
2.86154557307
3.14014955211
5.56762672678
9.56041429873
12.767955527
16.1587176058
4.12540392318
7.50805569988
0.323988246388
16.5382460004
7.41312107533
10.8454065874
16.4345734484
4.83242565917
4.55246558041
13.0555566303
2.74090321316
9.99181925551
9.91127932011
1.92382949495
19.9521577122
14.1627369167
15.4934305929
10.6082022715
10.7318002501
15.4951241272
2.59711785845
5.54741620695
6.24017912161
10.6185362025
15.8684009545
13.446356615
17.2950680035
2.18884980502
9.70399480592
1.12607932292
10.5289126728
15.1163948488
6.56091615652
1.13178839697
18.0709856593
5.88758452878
4.83308827435
11.1198620071
8.52312843301
5.97119809895
6.86754257373
17.2473357799
8.93942177839
16.0000191233
17.5248650878
0.22456587365
3.46884163991
13.7129788868
11.3650719514
9.01524961305
17.2473705943
9.41815579568
13.5503297958
3.97347706449
9.46762277515
7.16448309299
1.98169848946
10.5553389285
10.35017485
2.52079302403
3.70071053352
11.7812609464
5.42544846135
4.50242917465
8.28971154875
0.789944486993
8.91731974761
4.6007515786
9.86255878415
10.5217548533
4.98564407051
16.5256612209
11.0143285034
3.00200639703
6.73657549425
5.34554342132
0.935381678571
18.1744679189
0.551281286869
4.17076587046
4.51016422675
7.89477702359
5.9254243088
2.89994855705
17.418257605
6.92037735166
11.3241554497
19.1890613708
6.88040398725
19.5597438421
14.6126163219
10.3579836057
12.0669969883
8.2918779652
4.54972361181
19.3371260375
2.55945987182
14.4333859004
15.3127063836
4.63668944688
12.6186391538
13.0557649431
10.3484801046
4.19954259667
14.0289050719
10.4107213076
4.96759117207
11.7367235792
16.2794794686
12.9990479597
1.70445710113
2.31086668681
19.9025916375
17.0679894352
14.7420396724
15.9780595709
7.06101772602
10.4764060585
11.2991572279
13.963086482
7.46924451492
4.74452778886
9.43313895642
9.73905310774
8.80583736117
3.69047738637
1.48659425082
5.69032531019
15.4804067612
2.46065785923
12.3674578766
14.1549808431
7.29089741605
13.4162532492
10.3494372543
9.38177873821
6.0933393721
13.7973737165
17.7103901559
12.4225168843
8.28574643858
6.29720783119
11.7089589346
14.149303437
13.0844348071
3.22875529788
7.65308341985
8.62148300593
2.87062047781
3.78300205622
2.20452328141
8.77652791762
10.1365447904
14.8391369418
2.59604330834
11.1396081535
9.29672259979
10.1819728166
2.0552539408
19.1321111536
16.7421434769
1.44052882486
12.1204245713
0.478719384926
4.05477333778
14.3739932099
0.719047511354
9.21493650604
3.44830184375
2.41403875726
10.981167068
14.2366233167
18.4905425429
2.75080348923
5.12860229274
1.4626305763
8.8161340431
12.9411181164
6.35056651732
17.8989752852
11.2490987423
10.819135289
3.85278034741
13.5198474534
1.75839931645
17.0516894044
2.57290304989
17.8006875416
2.56774090367
11.4834841861
18.3509053247
0.422068355248
14.1797347604
5.92796562418
12.2400108163
8.09470600235
5.3552915981
5.66907777306
12.5012781575
16.7408935572
5.62510666228
19.1064154167
19.5526742543
2.76376622246
1.91390537034
14.7430683633
8.79966296789
9.21946979222
12.0103915968
11.5179971256
11.9588848305
17.5084606936
7.34871561551
9.56007168462
9.36032022192
7.16107209924
13.9562807876
4.77746040626
3.99585589194
12.5152794507
3.32120443413
7.94821514835
5.91049833771
12.5226266301
3.20641990163
4.75115839676
13.6805590385
6.22224613232
9.94125233421
9.43509982487
2.39006176288
0.811023569179
11.1324576549
13.9777176517
10.2293928388
11.7447926406
12.152666573
9.79573633496
17.2779526589
14.6368024096
11.8651131844
0.683704778307
2.61586120891
16.5041882385
11.376773736
5.81925119376
1.6785181933
4.24257371004
10.6278454848
4.07165024428
18.8072433673
7.4535515336
1.29423861279
2.71152979122
16.4496173959
19.5117900155
10.31119574
19.6307288482
2.13275771409
4.34627274117
8.88047383152
12.1672794929
13.9994808391
12.2395285233
16.6731102095
5.071199381
12.4556510212
19.0682531381
16.3732396869
11.8822952077
17.208138294
7.85137334244
1.2738772132
1.60802134806
3.48353209525
2.75382921664
6.02657834705
1.06045601209
14.8368882821
11.0219145636
2.14188498051
16.7059134412
8.91374045403
14.835864495
6.25871964265
1.79577542525
12.9394608175
14.7525333593
15.1755518222
5.24229500918
7.22226127601
2.78097351793
11.9213051556
12.4078043695
5.55815193168
5.98895669341
9.92463426518
4.87664650054
14.5690514709
19.1417869025
16.8184412652
2.84601640369
11.5937462495
5.90148491554
13.4598904041
13.4543672225
2.82498638697
18.812164216
1.00817298815
13.3832680724
14.567977613
12.1568423779
19.1049881012
7.01395843755
15.3549789121
13.1855591439
2.58270396656
8.5744308607
11.7170202239
14.8345188534
17.9855597355
13.1666758352
13.3854772503
12.96904637
16.4618313087
16.4365627985
17.7378943126
1.63602867268
14.6700748765
7.51859172057
3.99706531225
11.087344269
8.8766379831
6.17277617244
15.1074434493
1.6480479856
1.7112192818
15.0027657684
13.0099336313
18.5164760285
0.428254501289
16.9979542496
18.1706496891
15.8649552754
16.0926382057
3.08446600337
15.4223936978
1.84811713322
12.2058581424
17.8099603258
13.4168742809
12.1934851552
11.9542548472
0.813563152605
1.53323893616
5.9870850421
14.8008986845
14.4201001267
3.29869007621
11.5796126868
10.1063572288
14.535023525
11.2748629235
12.8978878247
14.1923935955
14.7054972385
14.8045592895
6.45074221735
18.6194226295
8.76066087796
17.5573052679
12.8724327447
10.2521063454
3.09299815362
10.1518417284
12.6508205409
12.9252095633
18.2530511265
10.8235825244
19.1446931845
12.5265971217
3.79067853844
11.3550510714
15.1949599974
6.3237390624
5.19457982556
5.40505006361
19.7339508296
12.8918671676
0.508090719966
19.4180546389
19.0653634788
17.0889157225
10.83753988
4.40478080685
19.6497069431
7.97180703262
3.70928827878
3.73563008742
11.7734247997
3.09742324533
14.9422050805
16.9403086798
13.3052278955
7.65541671228
0.373549169324
17.053427834
7.4739917784
1.70362533154
7.98781939942
10.7729685996
5.07610222416
0.663979386279
13.6668420062
6.8283811152
1.93235351567
4.43232350639
11.6708446319
4.20848423453
19.3336250093
7.81136012351
9.04629714798
4.86803628815
12.8080999942
13.0815534729
12.283719965
0.989348766813
6.28989473807
2.3896506083
18.2995597266
2.21274122859
3.81313490773
5.24349354976
10.4896519043
5.82135951008
9.89231696516
5.71824078348
8.8298961407
18.2805196958
5.31824647137
9.96930791972
1.02798081394
4.91000335703
1.10838361632
1.44711638805
1.79925472813
8.25756789495
3.12904389038
15.6023595891
7.70287582655
17.313005622
15.0408914272
8.54820889284
17.8237210475
18.3847556033
3.58186062323
13.1142584405
18.3773014682
16.6070792405
13.2358393032
12.3708940835
14.4413484768
7.35495083203
1.06529933907
10.2566329611
12.9043394745
7.45723176921
16.2433038856
0.536624629315
15.8411262768
7.8297210132
13.2382268082
15.3187261657
3.21743777321
0.396901711751
1.84615841135
18.7278431741
10.9097879097
10.4945190918
18.3539331558
0.659370968793
1.76713854511
9.35799883876
10.3192992445
4.2763711199
2.71495180342
0.587368242303
15.4119461732
6.40581582494
9.65207311522
14.0227316208
18.1472373966
4.6412885049
6.92733098444
1.07672468339
15.6192234692
9.35553020416
17.7202630361
17.6128116068
12.1690352146
11.7890716716
3.54159271075
4.54467534063
6.81591121982
16.7298332818
9.96249090362
19.2380498476
3.74921128746
14.1260539309
13.2025520024
13.9735764001
3.82273239413
7.22088860223
2.31133228338
2.97670220046
0.924786773003
3.3249732677
8.77700953617
6.24468485262
16.2658359648
3.58093545557
3.94187605913
8.16858197962
9.6964237558
3.58407696852
15.7528230801
7.80702574805
5.75775510733
4.65828835605
19.7015088093
12.0915984169
12.2914385695
18.9925090351
19.7534100487
14.1476898066
12.6621173923
12.4988570875
19.4774024157
5.49179957946
12.0234038844
0.4879078945
16.9568097819
3.46706894517
14.9086191719
9.0358277517
19.1205394709
15.0358258591
16.4687646284
5.14172388267
19.9639183903
10.0521325497
7.56712834104
15.0979909677
11.1810368299
0.223071213562
6.7156357291
13.5052612285
11.3730082863
19.3589472705
11.0128403038
3.11515089998
3.90025392643
11.3705579882
10.5890958934
19.878785905
8.55779554326
0.853921267044
14.2267315975
17.1725569542
19.8214324953
17.5733341062
16.8184263309
1.46634035432
2.90935796549
6.82307138974
16.3485917421
6.57312566222
9.64188210707
16.1684559786
0.842525176249
3.25915398829
4.8667614464
0.748223023873
18.1343232829
15.2535190721
5.11955362488
11.6910271933
15.8568032712
9.43366716803
8.31486899806
17.4165673345
18.4921627942
10.1916561122
1.72439494028
8.21135233535
14.1708218727
2.72559328936
12.3329531648
18.1724465047
13.1619661867
8.47127792027
1.50740927983
11.8122212959
13.6415749722
8.25328873778
19.7910700431
13.2803998192
11.7319250429
7.02187878094
12.4764372011
1.56190809971
10.3496841726
15.6427331688
10.1892767508
16.855601439
16.5993731739
7.81775556655
1.7922555373
3.2910985124
0.783094057996
15.4758247408
16.5991863658
11.0082388074
5.12660785437
13.2031124195
15.8773560174
12.3124170454
8.16265492995
1.20064224303
10.4498066758
2.16529697943
6.07046954363
7.17683085155
16.32805339
19.2403007258
9.97304095841
17.3028624777
13.758224158
11.208435481
19.53865621
1.45004008362
8.50503062223
16.9832338233
11.4504098592
16.6000026914
9.79544793382
3.71586775633
18.7119185621
17.7532237489
15.6308876261
17.6937024613
8.14286667006
12.2553953015
2.36225078318
9.56758685562
14.4812838903
15.3459975927
5.52716904541
19.5615290902
18.136580218
17.3848942145
11.0166223466
17.0775372856
7.05856755774
15.7927135294
14.6505531692
6.05611589316
19.6939359707
0.723228302902
13.3245512367
12.2584916116
9.34335455162
5.00851047635
10.7518360787
5.51746116028
13.4388828871
14.4734265959
16.9797354844
1.39280805753
1.83275099713
8.85596416089
2.13344483162
11.3668989932
3.17280399282
3.05688590869
9.96036293037
3.34165663263
5.71847909254
3.02225703579
9.67207999028
3.31486063443
6.63730277428
19.8823860144
5.95266919125
3.50071381753
3.73995426291
9.15114645835
1.74818343461
19.3368807148
6.72250028979
17.5706639214
2.32281116657
5.46706339425
0.784743032348
11.453120349
7.17106561434
1.80382297839
15.8652813723
5.04160500769
11.2659907047
18.3067980005
1.70637323371
5.79083142102
14.215934402
4.39093885049
16.4666092242
16.5250596005
16.4233116108
18.7221545092
16.6021576897
2.82080435463
16.1691459533
11.4937654808
19.6316382246
17.7084686224
1.28078170514
19.5530905658
4.90463232781
8.67473714878
10.5369773614
7.92930168673
19.9538653696
15.3573451928
12.7304372492
11.2529100519
12.1041278105
17.8456877151
14.1717342714
6.57363757543
8.66029629292
0.43932557988
12.8864783292
19.1875441616
7.95009542154
12.7603712014
6.06608297405
5.74540700486
18.124320068
9.4954379182
2.51653520823
16.447653149
11.1154133668
19.8718702599
0.302488995442
9.72117634975
15.6171833529
8.42410594041
18.4524713509
11.1571492779
9.17896024286
6.77485296197
9.01763711943
5.40249210278
7.71578943036
6.65281301377
1.43591830925
19.22495063
2.10299062199
10.4674977137
9.02596276328
4.39035778445
5.28866181718
8.9010926126
3.01537227342
2.57545970221
17.0533259343
5.2770249506
15.4337266283
13.0673795958
0.799980837739
15.9830541051
0.837781452177
2.28505581682
14.4169655349
4.29459232465
18.961973132
4.76469199498
16.751569238
15.7310894015
12.294176329
10.0110550238
13.7321801181
7.10485916929
0.856912913397
6.19386918006
7.58132486014
18.1455959097
14.3059252943
10.4286616512
10.7129204596
9.59900464137
6.23252778767
11.8963906612
7.26470392956
8.37712188601
11.4716973524
9.15329371257
0.591462965003
8.43529973455
8.72060858353
16.2132082841
19.399715742
11.0816083289
7.62347832657
7.35537582193
12.9324498276
6.33403822987
5.13601010867
7.01520089823
15.0208530466
6.60519140275
12.487988798
8.15018862436
15.3023469215
16.1340461514
17.1016363954
4.14581540967
1.58735063188
1.36489112029
11.8772016268
6.26728978896
8.17094218917
11.003540508
16.5315946597
4.72505264133
16.266948881
1.52945210921
6.13420767541
4.87011060726
2.54362495814
11.0327453095
18.9405735563
7.25321577556
7.1085729498
13.0892093968
3.82910263435
13.1185683375
7.9979485594
7.17525627968
9.4383552731
16.1864253069
6.54147739269
14.4277663199
16.1678152073
19.2906617156
9.87684246321
16.945819665
5.23689928493
2.64016261428
10.4996272708
2.37995548779
16.5897682806
8.81788103099
19.2723947506
19.7025152588
11.4641145444
16.3161183379
9.46311481258
0.383406656244
19.1712697939
12.089264036
11.2765031032
19.7653687937
9.19075074516
3.26809460747
5.99230977563
2.08924869414
8.86020506349
0.510065703972
19.0833457764
12.3837857986
13.164870638
12.2707349041
12.5781669379
4.87482801394
6.62624405772
6.31916900495
6.56612075476
2.71337286645
3.21012838912
12.7410491023
16.1482064278
2.31642863103
16.8206232068
16.0998687013
7.68726281249
16.4251858227
12.1576741045
16.973713096
11.9765110817
7.66328202684
3.16508480649
10.2410956391
10.7407405162
10.3850692137
3.84383723123
18.7600279526
2.81909911763
10.5174712013
10.5228988529
5.31281829965
13.648480815
3.04347352331
0.483688752946
12.0389171125
5.85671077252
16.8522879109
15.0982251484
16.2793793829
10.5401988626
19.6896820919
7.75426447191
19.131956729
13.504652567
19.3020047715
13.3744921763
12.7854117262
7.69613875434
15.4268315197
7.19490186325
11.2053581596
13.5245311026
0.356674650961
15.964672359
1.78114732121
18.2696431807
4.11563975911
2.11101049917
3.31067095772
19.983792483
18.9315076608
10.2303470231
16.2056840412
19.8222984719
12.1422283609
5.63276773881
4.53852317314
0.714085834943
4.79944342691
12.7831835226
0.618284554192
2.42982200322
15.7245205837
19.1936754144
0.597464262476
10.6206722588
4.25457502784
2.8720400135
19.1867374386
16.4597581977
14.6002343619
6.36599977671
18.2784392952
19.1341858246
15.7357124985
6.96700104717
16.0005017908
7.31809196357
16.9385420062
4.87213624817
3.05968592467
18.1622027877
12.7559323206
12.515534162
0.585312170656
13.9149519366
3.18846937981
8.66989865308
13.3515660712
10.0343242454
8.55068879875
16.4196921503
18.6994368886
14.6503745763
15.345488057
6.82847841604
7.98725777704
10.2886499357
19.6529211877
9.26541025402
17.4557363403
2.04284786326
16.049067326
10.5272073109
8.81438585178
4.17497413324
9.03838572405
15.5176795861
0.831098484515
16.1414293604
15.885708977
10.2960799969
5.14569000571
4.10981948681
19.505255739
10.678086903
14.9215212968
2.91927910292
10.5480400889
5.35583822488
2.16003761379
12.5989869253
3.39080564892
14.854823887
18.9936615107
0.612187076461
4.64534603207
14.68545675
6.77071422911
14.6488522335
5.04419235142
16.2629640948
6.57022601739
13.0906836279
15.9109506758
18.0719152888
18.0244141652
11.8231945771
12.3786064348
8.48988760227
11.0553335142
13.3847477941
14.1359511378
8.30738944993
13.8682618816
4.43863607427
15.0381755839
17.199872587
15.651650578
12.696953066
10.6450396417
9.30971743691
6.44988075117
19.2948652148
3.00180395202
8.91042200036
13.2920906598
14.4886137121
12.6009655823
8.0130579927
11.5511922448
10.2828338772
11.3955419419
14.3833018813
17.8052430667
8.23087634857
9.60113788917
18.9106138504
9.83328452737
17.5420068124
10.5518051635
18.6814337406
9.31930865615
14.6400697946
17.3894729579
2.90860399377
5.83079397886
17.4976307247
17.3304217479
3.45162521811
2.86416436782
5.6077304898
6.25973108093
16.5986659082
2.47741355788
5.12953554066
0.29135678653
15.8281409943
4.08940918729
13.6463591918
14.4624670213
17.3242619118
10.4286144626
10.4931828644
10.3055998715
1.99354368452
16.3209480625
6.25256704881
4.02685785149
17.0063595015
11.3096586544
5.48579987768
12.2826124101
13.7995203673
4.93235786002
7.88483769287
17.5437244027
0.932292927522
5.75373440798
4.31569306685
9.49247190532
18.3051780361
1.47672338808
8.03965164
16.1776897892
2.0686568266
16.330123378
10.8732207292
16.7703345687
16.8207936791
17.9699517373
7.34269797875
0.79133140255
16.8474152549
13.4577916221
18.2961527328
8.77172449988
4.71215988663
9.03962420866
16.6991398349
13.1044876352
12.279604776
6.56487820575
1.02954486773
14.531669775
10.9621161955
3.67548693972
0.967908170004
3.59106357198
9.82481658512
12.3383259477
2.09593430196
17.6950307573
18.8363975077
9.00918133922
11.7466595527
9.70405679268
17.8252820904
8.14277317583
14.234637655
16.1076784258
18.7916639155
15.3972178457
1.61068238469
18.6437133664
14.3681252686
10.9105434466
5.79811472894
11.6409729014
4.5740409102
9.34159378347
8.89491366519
15.0586697587
5.79826591667
1.03959163414
12.0210849593
4.76660792811
15.1016915989
16.9827185306
13.3546321614
13.1712393527
5.45782703509
6.66637281891
10.3064300814
6.53471734054
1.1786939443
4.67517592774
12.0926857788
6.94386870407
9.73519547601
14.7455302892
3.56258869269
1.70307050898
7.40577699828
6.35814388438
15.8212272868
7.22928806865
8.12936093848
18.9681788569
16.0570121786
2.7703825908
16.8926481605
4.61875274804
17.0324259261
7.98006111623
6.64690304524
11.8372326185
11.6794754919
9.81215186249
11.9642698031
6.46464522961
19.1880879583
19.390193618
7.05399736209
3.96020679931
5.73559579243
9.00167867152
15.7492166436
18.782378872
4.74753853447
3.88634324172
10.723446547
6.57008313095
15.14516029
11.8127536403
17.6207514018
15.9973409492
10.1797566398
6.94036877464
6.72336178091
18.8427443395
18.7408223639
1.36674688713
8.61023100702
18.0204037086
3.97883412981
9.6179283639
3.22233626535
10.4392857647
7.73365264456
1.14477928873
8.3372612269
12.1419111616
10.1940681137
6.20292748922
18.2888148729
13.153059855
2.09984031365
4.19210016161
13.1984146951
2.02036139976
3.5536159694
19.8948133363
16.5913652347
16.7058618051
17.3189786454
11.9403750997
15.2633510778
6.96080065787
1.22427251958
17.6649323781
6.68937636545
7.58744512145
13.4415672733
19.1552695609
1.42825217609
9.72337706637
16.5710774382
9.0541856696
10.6979996417
4.92880006436
5.36104659695
12.8023658417
2.05301402685
16.1414089002
12.1108891171
3.99783308174
10.2123953974
9.54227205265
18.9668581698
9.15982959459
7.25165649526
9.03388008379
0.923669047047
8.70721480735
18.8928209027
5.05626365353
14.50679031
17.764247153
13.2753404283
5.68131331664
9.47223385975
12.2386855252
8.37837651118
8.4664653324
6.29520943322
4.5159965919
2.23412668323
19.4732762311
3.79513486005
16.628779885
9.91208333159
6.55492432957
14.3204207444
2.32316839374
19.2610682888
16.9484057352
18.2409409106
13.252085181
19.1320850328
15.90125152
17.8843843271
8.40290747093
8.13324825125
16.0418253122
16.3417522825
7.82454766622
5.4850173109
19.0094803089
12.395693118
19.2075724717
12.3103229432
14.1841773899
2.20518975314
0.623829292936
16.8137886813
0.235363161455
15.7911120769
0.530465470407
5.23878963944
16.2113076151
8.20378129317
6.2195564703
5.5840520649
10.094279493
13.7331386719
8.46822839076
14.9394998917
3.36999000462
14.4817439999
0.857385421991
13.5010358158
6.14894869001
15.6501479244
8.25933830894
0.903803466457
6.5099360524
9.39341156702
14.8164295391
8.92220124096
3.60497790665
7.72733522774
2.96391662711
6.2561085843
6.70830387403
9.34190307728
13.4679856821
19.4920136769
11.1912907084
9.91386230395
16.0088359301
17.085528063
9.28028329539
19.9361197589
6.8651762969
6.50596406974
18.3638035867
11.5894821477
15.0049175915
3.37507475214
4.55323272803
18.400863082
19.2451016252
8.71364381379
11.4191579242
18.4887471409
3.32591043317
2.98695444921
14.6743545379
0.854079614084
4.07858644367
16.0553735324
17.080497278
19.8072517642
8.49721495657
13.909722498
2.80471076335
15.1004247712
8.71724561176
12.8317062846
19.1819852433
7.09457522542
16.6491470836
19.628249615
4.22996923383
17.4124809046
16.5459819097
14.9005199778
15.9273667533
6.48462275339
13.3666110969
12.5986574151
5.92386839492
4.32477207203
13.1734596682
2.00974832483
6.3783672226
17.8876119594
1.04205145992
8.74547935296
4.32167677679
18.9397474387
15.3016093761
1.99373596149
10.8287735473
19.8149557563
8.84209176912
17.1725096044
1.77026125358
4.71458577591
6.73077957449
8.01956668403
4.53757009159
19.2990955899
11.3666421577
6.73802831227
8.60731291927
16.2665746403
9.26343982596
17.5662888852
16.1275007505
1.08030294493
16.0680082329
12.0217318431
14.5603887698
1.8124573516
19.7081093539
10.5055931518
17.9813445634
5.70069477562
17.6787719446
1.90807816876
11.1448250305
10.7696451612
4.87338207644
1.3660733258
13.140577056
9.31778739602
18.0734496964
3.51507735979
0.746754538789
12.056255272
11.2405170413
19.5220504616
1.31619841879
16.4949841553
15.3203184458
16.0320195627
3.94891147859
6.97168483745
3.69345551379
15.6127387053
14.4145671354
2.60785655506
17.1133131954
0.47568680993
5.94077983303
6.67960684194
3.9615617859
2.27685698712
14.2045534494
5.74001845466
10.7191156209
5.22454902295
13.5154909365
6.01417874588
7.14446290688
7.09340755532
4.94224279945
2.14612594318
7.17856111786
13.322324678
5.00127538785
19.2886900147
9.81261221772
4.95470639673
12.4186309238
19.6838531042
9.64993732783
11.6993837766
2.16590673999
19.4919192283
17.0505299759
15.4364180556
18.5779472265
3.24003966743
19.8477819958
15.7456929897
10.16079796
0.438227588181
19.48022949
17.944973952
9.70263660307
4.24740306889
10.4275170599
8.0712030548
5.13413360046
16.4647293636
9.80160395449
8.27569512467
8.42748864678
2.97562911255
14.3319142734
5.61223792321
11.6481131647
17.4956578662
12.4071184295
16.1117377144
15.5945523727
13.1045523235
5.19752542024
3.53715930303
19.0742419295
1.9795336214
10.6641971192
5.17337311636
14.3925424298
4.31378328844
17.5649970145
19.8257195285
16.1259229438
5.96398895986
6.6416073228
14.7661380613
5.91730388152
11.6264909749
12.4258156879
14.3139133681
1.39366422422
6.44488837485
6.14795791603
12.0326463361
17.7738232766
15.2658549528
15.3116165218
2.49148014873
10.7200102669
1.41717762564
5.4868425296
6.64683784211
2.81302936902
16.6450949519
1.78947062579
6.60756751172
2.07821608098
1.4451912431
10.5645579271
9.47749057849
13.4960334395
18.1873733093
10.4553433811
15.2904852875
8.43665214501
9.88417521858
17.0071585701
9.56311327051
12.8011923524
13.7951782959
16.0774834921
1.03996664874
0.373001339974
14.0963966675
19.0270663796
16.7225130503
9.26009393714
13.0702664615
17.4738423372
18.2644807162
4.59555987274
14.7967972518
12.5298012942
9.94600199424
4.79873594738
15.2849735203
11.9871584019
11.9182014484
17.4393399336
10.6106661767
9.56483720287
3.9273117009
2.50448194203
5.08435633209
13.5745736174
7.2382554856
12.9624127733
6.44515833408
15.9736798013
4.16150703695
11.6613345391
5.29718379562
10.7415433391
15.367036305
0.825950742861
18.7127620571
10.8151411044
3.91098935244
17.0441739169
19.3551793074
2.99533114562
0.789083591911
14.666984456
2.59782373581
8.4573388634
7.66337263104
7.30075197351
15.94156139
14.3233687
15.4973619411
15.9352819286
14.9570006602
8.71955321514
2.55566668713
13.0226591989
9.41647499478
5.28661574121
14.3892366795
13.3899374571
17.2717314279
10.565040409
9.81734740467
11.6710835003
5.5572497418
11.3952977983
12.5392173029
11.4116981225
10.5887062631
15.4601646339
5.51343363984
8.05958946397
19.7688035698
19.8284913665
4.065600635
4.26292072222
2.32337523397
6.88252440977
13.6719118483
6.68466587844
12.7907960345
19.6173021403
19.3794200794
2.06373402261
13.4727936017
2.79347793859
5.32693799535
19.7779932758
14.600429092
1.2442619842
14.0373261092
13.4387754229
16.7733563
19.3801073747
17.304446178
1.75829809769
19.3030543318
15.7986950691
5.13956444849
19.2486723422
14.5410781681
11.1401923595
1.47669959372
14.2728776931
15.1538265454
5.12461997764
13.6203582918
1.2933834035
17.211673173
7.10722533756
17.5744421857
15.4567485272
5.5814303088
1.37861401094
11.7399754859
3.44868462484
5.87951599
16.3744242767
14.2858385222
2.26216418885
14.8823128321
19.933448279
10.4271381786
3.7249554963
9.26873980185
17.2619553469
6.66247239475
12.995252435
15.1096903428
2.29801296929
17.0676641281
15.1528758036
5.32688031078
12.7726771661
12.9624592079
1.35029393653
8.52872477919
11.6372765081
10.1362060275
10.8240481364
10.6630699811
9.75177343666
19.2877619669
19.8045803456
11.1828947482
7.73028386615
17.0140219788
8.98581367668
18.3879140339
1.52836844377
15.0689926507
14.9606790423
15.000300822
14.9640343751
7.53209428438
3.42022965405
4.15436913829
3.77500316557
13.1293396974
7.97237960541
1.70707301524
6.56564379913
14.1736937072
17.1867728354
19.8425169957
14.6037025149
13.7661036326
6.01881222086
9.07183008354
0.406794985006
2.99474457019
16.4706285808
17.5746436363
3.89575041099
9.45594127219
19.6073226484
6.53218442905
10.780592891
6.59459950757
9.74832131402
6.94580155965
9.6873628886
16.5970515358
18.6429114941
18.9217895231
4.38111588275
3.11019527831
3.78836169231
19.8042847777
10.6416788954
10.307054968
13.9001957582
11.5495223955
6.04230566745
7.21711290358
15.645655498
19.3482622245
18.1243304039
10.8646850711
0.544820408892
12.2241952222
4.68188051251
12.1007922393
7.18696982257
19.7500428169
10.2372321478
10.7887027207
7.3035147601
11.7823634666
4.65325231871
3.76066294661
17.9007919123
0.795978762962
12.6360685862
10.8336921919
7.27465226215
18.7613904092
16.2001249006
8.17516701702
13.334058693
5.7409460618
6.16113458449
10.9496123131
10.1300681078
3.05759117959
1.62545852505
5.4558143476
18.8421819411
16.7390032734
10.3323825668
13.8414579808
15.6936910607
17.2203784813
16.7413130742
17.272004807
5.00883918731
5.51542660591
5.56549824703
3.40548834974
16.6887087489
3.70978645538
5.96228315912
5.21535600041
12.231959739
10.6593633052
16.749520649
4.99245272534
19.9766352081
3.77258988922
7.52892697417
16.5761221207
18.4926711716
13.3200773916
13.7488468098
17.355722364
13.6714750513
5.74602557044
10.3892005587
18.6182180575
18.040874478
17.3090980653
13.2817305371
11.6121013954
8.06008941517
4.06549488359
11.2096258756
9.32510383621
16.2597872179
8.37378045911
9.74479505829
8.64506359627
3.92127388152
1.95278146941
6.56871566305
7.93738775036
1.62541293351
6.75959394582
11.2567884838
4.06208803721
6.05030896802
0.218461994145
10.5439118194
11.7279406404
3.55228530283
6.01705264315
14.5225001919
15.3909873792
10.9411687255
11.3248228392
0.788914460695
8.31668135179
14.3151337467
4.45480606437
11.2694182859
6.08181067734
18.5483442474
1.65084227462
0.789912880276
2.42787467584
18.6097331067
10.2633284439
11.6196191872
1.94539784345
14.0574684318
9.16718677093
16.8101640264
12.539637098
17.620715717
0.347078091389
15.7368952192
5.50958787001
13.6284365983
18.1692341934
7.94824233201
17.3047113254
14.599602223
7.33215420716
15.7733523607
12.6132011957
11.0292530459
14.3754040165
0.283013891345
19.2035701161
0.411828821543
4.01383759108
11.5431878002
19.6564331884
10.942610489
3.51087823502
16.7652705062
12.8510076255
15.22048902
11.1708942915
14.7826543435
15.2534455307
7.46284593548
8.87239023595
6.79417068877
11.1289616299
14.7419292776
12.8148787169
16.580856066
16.5903961423
5.05823801247
3.37674179363
17.6916620717
15.4520534013
9.97636629721
17.8722932726
17.0958157282
9.58795133048
15.3343249688
3.57594752229
1.63405975345
17.6583966939
2.261252169
9.8044663992
12.4603620905
7.88186298065
16.0888059342
18.5276108085
16.1079307369
2.8024193355
15.6344501646
3.82059297375
11.4459140827
0.668462900004
10.579579232
12.1514949959
5.07443147772
17.6730532467
15.0125154105
8.07990314488
12.5939764745
1.29819666722
14.0911350563
13.6890805345
6.79312606967
6.63826073381
11.8445052071
12.4978164103
3.01152374677
12.3670937952
1.56402272705
10.897729267
19.8320774679
5.76463891872
7.09159165028
1.62585815564
10.6030788865
18.998344672
8.41809530375
19.1192329874
4.73414522824
4.46263709669
12.3808077606
8.44655461828
7.56958412745
17.7640519204
18.2851499084
11.7577792853
14.2099142708
14.8130634809
12.2612770298
5.58662687693
8.788496657
15.0978479462
8.93215047923
4.7708724217
11.4248369604
10.1880164634
1.14856649348
12.2293892498
19.9356349921
11.1860281158
12.4799365829
16.9895134013
3.72540564122
12.4508153541
5.56927497728
13.985099908
6.10395196199
0.745531165819
19.7997838097
15.7933105632
5.81427851494
19.668756281
18.8070208291
9.14234523084
15.6823201018
4.64522192493
3.81310046436
1.49340795714
17.2521058277
7.765798326
9.20131816174
19.6327682857
4.42015968997
8.01922513424
17.5038018548
6.09758969802
4.77316079933
2.86500892065
3.3198849014
2.87575765909
15.1666837449
18.1836912833
14.7764533263
14.7110637556
2.66885671602
19.6947758969
15.5684041947
12.7320395309
6.15422802189
12.820494563
10.2697720815
11.5385510508
19.0668236093
0.782310288938
8.05431750323
5.77683898505
6.03799096873
16.5549153386
18.9096032027
15.0936391252
6.7818925254
18.6123073198
10.3654290621
4.78742717787
7.35841306993
16.9253149582
14.0934176644
1.01131334921
0.637627884154
14.9687983575
19.8597145861
15.6547420911
8.87232764215
17.5870196487
1.03026763812
16.4771589791
17.6169689279
2.20733097691
5.48513090825
10.8923876029
7.15713973648
9.09576830862
4.54710220252
19.1543846453
11.4367714593
7.89549920154
7.73123825424
3.28036840042
6.70492766947
19.54183008
9.02279351545
11.5533153199
8.52032752844
13.758472185
16.2913463314
9.73747128537
9.27120034517
0.63353694654
17.9966419017
10.8467760637
2.97014784615
4.84096477043
5.76967173295
9.44115442351
15.4453390227
16.9535012045
11.6396354792
17.4410827485
13.1190158911
9.26339977985
7.30259197481
11.114148793
15.0008197172
8.98249951695
0.923245066021
3.22941198689
0.577035449908
19.7563958568
4.56577923944
16.9866687088
9.1899316112
0.211058794615
2.51375827346
19.3052202228
15.9603350702
5.45743232195
16.0859154922
1.84570662128
9.26555598121
11.7675038603
3.8702357412
0.594399791811
1.26705706421
7.75665262997
1.74221667815
15.0646418962
14.0160362559
7.07509501812
17.9090712488
15.7183419522
11.2315470405
18.3675838245
12.3850883003
4.45954543993
10.0519721035
7.29444933911
2.37815074816
6.04229685624
4.87999289996
16.0370955256
1.0218624682
12.3552790865
14.516690044
12.9850450723
5.90755618389
4.24679455761
10.8564740811
15.8997813082
1.11771022899
0.906397644171
6.42996968356
4.91568412559
19.1698777388
12.4733771001
5.46104868498
19.651084977
3.5020844599
11.2589178596
10.3211919875
11.7145271178
8.13929121819
7.19886762706
8.02253993849
4.56217768349
18.8374050626
18.2373883181
1.75319468958
10.7255064413
1.21409785944
5.59854157074
15.189978552
3.34318763206
4.32048174439
5.46461976562
8.47772191542
9.1845342253
17.8117453188
14.8145245229
14.6280208642
0.51436309933
4.8601750106
5.33094292465
2.17795359025
2.48782177179
1.36851270586
19.3389941802
0.89423078501
0.8599044418
11.0907669912
4.02428181109
15.2301607282
2.28878914601
10.6883545584
12.3268987339
14.0987046327
8.1400323045
2.97882302329
13.6347826613
8.08107769504
4.9606801572
2.15380937989
8.36742488127
6.16151514992
19.9508096415
15.7554979512
15.439776235
2.22989826766
9.54232164993
5.34053476959
18.0641560927
5.83712186155
18.3359403044
15.4848710288
5.72946170308
18.2992587134
18.9050152939
2.20549539279
12.2414073215
1.33946656204
14.3613876406
18.3498433217
17.2123246786
17.6888636504
18.1177771515
7.00725777659
3.42230719313
2.9133802628
7.02014025191
17.1265165378
5.21693088588
3.56062745172
15.1377054169
11.6410501265
15.2889166333
6.88119747848
19.5898970922
14.5526104887
5.76043638325
5.32891778197
11.301747756
0.67903920725
2.28262965983
7.15063886397
16.7370557749
1.16597718042
9.35754421484
2.26824850743
11.8598643245
18.9014662281
2.02123135037
10.7900568103
17.1521049448
7.28762607543
1.12557688453
11.6973615341
10.5751741206
9.9377902542
13.5351698182
11.4210646194
3.93408817196
6.3310178043
3.31129135446
7.97153744561
12.4255807482
1.88737397324
1.40644280949
2.21199934641
11.2009852372
19.9146648849
2.50881954807
15.8371208077
1.17538125981
14.8356004074
5.73135750832
16.117694935
19.2374528346
5.50762430952
14.3535958264
10.8969384455
5.64032514263
18.3733411343
18.0125257166
4.28486918888
8.01069345997
13.9423928302
11.3064455476
1.06474944131
7.48359475356
13.6864011991
16.8854611346
12.1146112685
3.89141785054
5.62571439386
5.30683689179
7.93648257326
3.85063138029
10.7792008024
18.1782847457
8.13710504405
0.651273085532
2.85631875722
16.0393197983
7.69044812063
1.51380109694
12.1102166582
5.47477993546
14.155716896
14.5943164904
11.4599306314
4.65341415383
3.01910749259
10.4725961328
9.35653907642
1.44336346011
1.14622730264
15.2622980021
14.1012318126
12.5172223246
17.5748784656
15.2113806972
9.07086013577
10.4916372153
10.1214182713
5.96342920112
19.3609610842
7.0241218961
11.7031404317
6.8062119254
3.94146650015
19.2717492083
8.13930126582
11.6936915583
17.9502622869
14.6278777488
15.4106350886
7.4425897922
14.5588559151
5.24330667967
2.29555900323
1.9271616088
1.29108898866
18.1972577716
1.75023395779
15.2976712
19.9716634902
3.42301470151
7.40984774937
17.3893598228
17.6383469959
4.16503350911
18.9603945145
16.0429813453
0.767849318494
6.65430466091
14.6740886511
8.34620743455
2.03904480792
0.497930830908
12.3937673542
0.258248548917
5.46323660058
3.91084508562
11.4759509651
14.990987003
15.2953004601
12.7320650055
5.24160614692
16.3208958152
12.6796633081
15.7733566001
3.0878483527
17.5729319537
4.81851063264
15.9158119006
7.04576009649
5.39554446918
11.0332195847
14.0458096793
7.56161372417
8.67489898354
7.60500652158
15.6560067872
5.00770013427
16.4301528738
4.0102257681
18.7564382136
17.7827824861
5.34991371646
17.6833289824
16.9778485743
8.91738172946
6.70717851199
2.05580250823
7.65435654296
19.5184980874
2.15497079617
12.8453498179
5.30645036232
5.43979669508
5.15520886739
3.38496352666
13.4456556089
13.1106302183
0.499631739165
12.903468541
9.38685384302
7.13421345995
10.5911179976
18.0525577227
10.6381644632
19.4268299919
5.04241769517
2.40406629258
5.07070528989
19.3394455398
11.0119603575
4.96839613271
2.83425699013
16.9155017827
6.28016331322
4.11087041236
13.2891825584
3.98059298024
10.8036911872
1.7427929247
0.648634383316
12.1393544187
3.34925432043
13.5573796663
1.46956379868
1.94222635457
0.837900002437
4.3267535658
10.6437861247
16.4699437683
8.01443851165
4.95753354793
7.45537652446
8.26713316961
14.5027254145
1.64673909438
2.58014942053
7.43298835943
7.08005681274
7.43458847925
3.20736775258
14.6721838694
14.4520470465
16.7388197836
3.36409345963
13.3152929415
13.3606182229
18.7186108188
0.253723241059
3.02345954554
2.25213152362
4.2234415445
13.1779636945
15.4890918874
3.50861244607
13.0295570928
2.31820837448
0.520258323968
17.0536519695
7.18813705459
2.74235967663
7.75355791435
3.33016371047
14.0716242426
10.1283510775
13.2977798612
4.02723984512
13.10210404
10.3059583859
10.0522201042
13.7691168579
11.635616925
9.97030027077
15.4085073125
1.52786397964
1.09433746294
15.8216881625
13.5341349659
7.12436718341
17.3510387352
19.9443025908
16.2793712538
7.45247676737
2.76469025706
19.5368893031
16.5809764216
11.7175341332
6.21169490057
14.9128221244
6.66287305496
14.9058326468
8.17884863567
18.3781996582
0.767457928881
0.208641053952
5.36201734775
7.65981962028
15.4211848928
5.00339299318
7.92154245239
10.6306654807
10.7590444068
15.5796822874
7.51862040821
9.3917154677
5.01489727353
12.9031331126
10.639862154
5.61045470877
19.4817573794
13.4381812264
5.6131346024
3.18699226091
11.3265796382
16.0191463547
3.52880746286
2.86430927857
19.6415968026
5.69381756031
7.60335835961
13.3688085996
5.84585809936
2.85492926571
11.8922142069
8.07842021565
10.6134941528
9.66461981262
10.7951300408
9.87235970969
14.0705300117
5.05513194163
6.62774879539
14.5472795545
11.4177845531
12.7784426999
5.45628103548
3.80885730841
13.9173095004
18.0464599273
6.13298113661
6.30915241315
1.21572815403
7.38191450404
15.5146290537
19.8407931374
19.6061409351
11.0759651768
14.4518529291
16.7436596682
0.520658601816
7.06977162369
6.51676176117
8.94062097058
17.1379631549
6.67523906821
10.9777588788
6.33791833678
17.5854005267
10.6584580029
0.242744646232
4.28129745663
9.77914163273
19.8341340775
8.35178756778
2.34567657107
19.5147724848
9.31562457071
1.59661254302
19.3341519924
17.2116874371
15.6669822494
1.38674425668
4.00723486725
12.4334261474
1.42480597663
7.55587537909
6.71863433356
19.5132337963
13.5817164489
7.01346017175
7.13653827633
1.48678405203
17.529498612
4.55547846971
13.5936003999
4.47389309031
8.32705672899
9.15355904088
18.1442371912
4.03945838733
3.28295330921
1.27164568261
9.26430938405
16.3584279799
18.9443539919
2.78783400171
17.8252377626
10.5928372046
19.1017466419
5.33053296444
10.7716199014
13.5062804033
16.4799211093
9.45132125073
1.74871561179
0.28012279986
4.52522259349
8.68985645313
14.9394196711
11.6729696988
18.0812698554
12.8767087113
18.9803408014
17.8454525082
8.47661176128
9.68106956209
17.4571730669
9.63816596517
12.1051305651
3.12039137069
11.0442813215
18.0446939782
8.45118771342
9.30840539902
11.4831657543
0.601898528651
2.79285908802
1.91448948436
16.3162344414
8.98820067518
9.05767315725
5.02172091801
7.70388557502
4.80603172265
7.87608727822
14.9499929424
15.4939998878
8.21831313508
14.8272689571
6.5492794081
6.827534785
18.8078916621
7.2030632756
4.21444161211
4.11411052288
9.53109076637
14.2099105017
12.9033475888
17.1376369635
9.9977703322
0.634406917744
13.0462422779
14.0570713665
12.0956658115
5.35804565404
17.4998655209
6.87750024649
3.71233619087
17.8602536362
18.5818264434
0.792151510893
10.4286426788
6.31684143822
0.244840774159
17.7523795853
16.7452701485
10.9977879106
3.67635008146
17.3577566887
9.82598142
18.3857932612
6.74949094766
9.03147170986
5.25407061375
14.7197207271
14.7603959904
15.4891442097
5.68289246685
5.86704617334
18.1976904186
18.0141775716
9.98934630533
17.7788720996
6.26443250468
7.65234849019
15.0034566024
1.13553042884
5.81921631424
11.0559158777
7.46467713609
15.3903085377
5.28561974482
3.90262061026
5.09986556751
16.6106258935
9.34128157475
15.6183984154
7.39602963132
16.3861536421
1.26195939703
17.7455804222
18.6282041925
2.23868556982
10.1148793547
17.2146011766
4.63861707735
5.14769277994
19.1063975671
6.19401957928
7.55586235522
5.37485770349
1.22384110803
15.4878644001
3.39828321835
0.348648642864
19.018674145
17.3058023841
8.17970795281
5.18047098697
2.84746220665
16.9331475522
18.8432268219
12.6978418299
16.2853865173
8.82957296708
4.54124298347
2.56716526352
18.2155606286
18.8056198148
16.0883568798
6.73991605534
14.5525077797
12.4791472363
16.2112701077
11.4307099241
2.03232959484
8.20615011841
17.2778177411
12.8080223673
6.01064757693
9.05956902558
18.7506082393
0.650299856999
18.1327110999
6.47179078469
8.82278807494
5.59201029518
12.5098021678
0.71418969777
14.7785646236
3.06289966676
7.36016636594
13.2262488616
11.0439023119
11.3176494951
8.79492327673
17.3782573981
2.43350299024
4.21105994489
3.29745722694
16.8187165798
2.90382501239
17.2168262151
9.02962397398
17.1877030202
17.6382446328
18.0595589203
8.01193991651
12.0447444589
15.2585772333
6.07926241262
18.2850308908
15.8845196418
18.6279912522
5.96852922275
13.5892998881
9.01087596374
7.63510602091
8.57702012279
17.1768254212
4.10295226397
18.4096338501
0.620666369519
1.01508984797
13.4403627994
18.913382369
2.89913682432
6.48609946494
19.9700200746
4.16009232433
8.86304159073
7.3306493164
13.8781971617
0.309277979654
8.05746590208
2.8287184297
5.25289442311
7.00350879215
7.15191272607
18.0952136423
7.90437897191
15.0176169337
7.2760531744
3.81039104581
15.169907269
4.9385463879
13.0238665557
10.7022725833
2.90097665161
13.0340194438
15.4481366241
9.48394787147
11.0309418423
18.1743203831
5.72661386948
13.452437684
18.7075064852
0.529475588662
4.63743198944
8.07060372095
10.0122750547
4.32091785863
10.6759529283
11.2073036477
12.4627738476
0.925514367577
19.2619198824
3.64940322093
15.4655462081
5.46958489279
1.29390462909
5.59894610481
9.99555517514
9.78108097777
1.44517532324
6.68099935498
12.4797389998
3.5133837252
9.61125827597
6.4411876284
8.11755907828
2.36160774024
18.7334231179
0.671386455579
0.240404511817
8.15510536986
3.57968652672
17.0799834345
11.7379347721
14.5682318859
18.3043026276
0.589350054027
18.9532345403
11.1358336012
6.58944063934
13.0668793935
18.539142977
16.6484072495
8.47391968575
2.87964632217
12.5081268016
11.5958237711
1.98185833157
7.71339819539
2.00803085198
7.88629919841
1.75051752639
15.4540944751
2.14585972798
0.576831101209
0.346492850477
10.4538096938
4.2369645298
0.914588209463
11.0341122795
2.789720946
7.41707068928
2.77299221781
18.5712821394
18.6989196067
14.2093136312
9.79397655248
3.70129145439
7.96966673709
5.9368841632
19.7519507214
13.7313347053
17.2620597881
14.6731912959
8.58829262576
5.04189602011
12.2401123818
15.0380728729
11.0872837988
15.0639295111
4.29822113027
17.6729809151
16.0280763235
14.4204168191
17.9885469834
10.3632716253
16.4695681024
9.84475335685
17.6124109326
1.36781749222
4.73787071237
19.9519282658
1.08161623776
4.67209430013
2.13470724198
0.498954119414
6.57633478258
5.19228946279
10.9826214403
11.5384720277
14.7440771147
1.32950276344
9.19126060291
18.4866859654
4.71062103093
19.2926114555
16.5602088119
1.5145558208
12.9993132433
12.1665320299
17.3615405589
17.0003666313
0.394403278433
0.87546905114
2.67137711955
15.8234054065
12.0895032991
13.3606230102
19.1986272362
3.62171443693
14.7181544685
14.2154725358
6.09500407549
18.9733411057
16.2255095193
1.74695398726
11.2269048738
10.3309758436
2.92353237637
16.950416329
13.4999630918
10.9178703578
2.75781810616
8.40139833179
18.1311814668
18.5621845185
14.8879297977
10.2693647344
18.4398050726
3.1100772153
8.80280843515
15.7593484256
0.61575316415
4.38017814957
4.7232560343
8.0091686996
7.70175498146
5.305236275
18.2313697025
2.02394039392
15.3722204747
15.8869160854
16.7088270401
0.506825547848
2.62115324087
7.50956576041
1.28717499845
1.15839355114
18.6033291586
6.80127506728
9.88440708865
1.48892621693
18.8917991911
4.19455705632
15.741921959
14.2575811848
11.0191945992
8.65975683309
4.63762711308
2.95148393408
13.851073819
4.605455435
2.05885647462
2.85118691958
17.3407993843
8.40252542141
1.38938983133
6.59810666809
1.54659396939
8.59150273377
4.4757577033
15.0057449571
7.53620047741
16.0628751257
3.41171533688
17.7105848118
19.2602519636
15.9814200166
13.0485098947
0.817664464204
13.4011756688
8.28563689287
18.6474382527
19.5657454263
18.1466629883
18.3580530462
11.565258384
17.9706808343
17.5131489555
18.006985391
16.2294547344
1.89086727407
17.555486305
7.39616466867
18.429066056
19.6171064415
9.56888665748
18.5549993136
12.1837773797
2.37574852643
19.137950472
2.61342820806
9.21747061865
16.5366526434
1.67888312448
4.74661677873
3.89798610085
5.20866145729
9.53725327312
9.24647469705
2.52156656015
1.51508042185
16.299280343
12.9045993396
2.27819719759
12.6281726301
3.13831269918
14.4237511974
10.40827232
13.3170597872
19.528748244
12.5687970931
0.512058072264
1.58281907721
7.00727090678
19.2921364687
5.13446419397
14.5033731347
6.85343443665
0.286725903647
18.8070865941
7.9110714619
13.7126156469
4.80808429306
17.8629758504
1.41019911325
14.3628369951
2.03729970046
8.09248135272
14.6479535871
4.26445876225
16.8365847884
2.52800499266
10.7501330315
13.1608212366
0.942505239244
14.9291963585
16.4541150457
15.0629969402
19.2905501325
6.75305562621
3.54875759543
15.8918375564
13.5835425041
8.43141560893
7.30969918563
2.81920382319
7.79831337275
8.73746814149
9.24612935145
1.67480083622
9.00515465684
14.349923472
16.859970547
8.25535602509
1.29548981341
19.4582809121
17.716428401
14.2337906693
8.50889018069
9.0769290095
6.33007759655
9.98117814592
8.91685068224
5.58398998886
13.245311485
19.3526098951
11.8208556853
17.5347753494
16.8530640338
3.31477044277
6.76820823522
3.17767950911
11.385228404
1.96502623194
1.41902786876
14.4848366715
5.65820178105
1.97453269023
19.1964908902
9.91251592765
10.201294673
4.31282418854
17.2956638454
13.7075208005
18.1024083156
9.36314511059
13.0417536314
1.56490536148
18.4743667904
5.66756239131
19.5386994511
1.13263219794
1.08777824287
3.15550388122
14.2426131299
7.14886522794
8.27866167362
10.9474505265
19.3812645192
4.86254842647
7.69172054529
16.7587458781
13.7502407551
7.72020043691
8.53020491995
12.1498549937
7.52909641954
19.1764562975
7.44854096723
11.8930121673
7.89039478869
16.6394377033
19.9321795085
2.56665873558
4.67731090483
13.5754655754
4.29341649747
3.60351424304
18.1503305821
11.4109928144
5.83567000673
10.4644944137
18.7137056407
15.5863169168
10.9905082768
17.3170238165
3.99016873122
4.77417527949
4.73314092258
8.03888420295
6.56548242465
11.0518255677
4.58933870061
18.7912175925
12.1004263368
16.8812791187
9.10727179686
15.6608446536
10.8071263396
13.7137886982
18.9543677452
9.3337663654
6.16784415509
4.37596872307
18.8277825742
11.5020628057
6.583623753
13.7528210777
0.630263575531
5.73830723383
0.284503909567
2.84877397627
15.3415796746
9.84943760404
0.350996517491
7.26314802634
11.8327447761
5.753993619
11.5862462418
18.0191604382
9.56050863081
18.9418809597
17.2951133259
8.72918387345
5.99487847237
12.5355424714
11.8517051317
10.9867363339
17.8580553322
12.7754641713
10.9533414863
4.63127127887
14.1896652189
0.969539071271
11.2862603555
5.59700610941
4.43686113408
13.3879896148
3.31608358939
16.393524296
16.9717143105
8.47578076285
3.31121262409
15.7624096828
17.4736773791
9.14775798585
8.56147172867
5.69981882532
14.743939099
4.56834083771
13.4902621811
4.23437902557
12.9759443995
14.087409496
18.6232630544
18.7643656319
15.2792431604
13.7238505694
9.94069775665
18.5396472922
15.9567085717
9.25081337956
6.83287106497
1.11673836261
8.69328909591
18.746759087
10.4859453446
12.0759571577
14.3795536126
17.4922436951
9.83022375199
7.25099998296
6.80975010439
9.17860732107
17.2595032414
14.6081360505
10.6418251215
0.947146872755
3.08208288495
10.9590861557
7.0147477933
9.66396966837
18.5163878031
19.4952930355
19.694188577
0.480752604579
1.12041029151
14.7586640813
0.363091364213
3.19882438838
16.4767701663
17.7343418181
13.1474111267
2.68211535861
4.10619090178
17.7500856825
19.1109483945
6.36943633354
12.9601015772
9.59161564038
17.5174735608
9.07250970225
2.15727996915
5.80031353349
17.9173110343
3.57245250516
6.49566839372
3.03966197418
6.94339687685
14.6723402976
3.28038513006
6.49664917443
8.98817197293
5.22075435163
17.2192472617
13.5042943861
14.5102821248
12.0708771512
5.03916827468
9.11635183267
11.4391167858
15.2508414685
10.5438187628
11.3697722111
0.714766329056
1.06178264693
1.12748122793
1.94418301028
10.1912544645
6.37741215511
8.52533467392
11.1406389492
8.7325588706
14.2548844829
3.87485958843
2.89439396499
19.9333245253
4.47898075291
5.05576374997
3.62508049711
3.07379469617
17.2766487987
15.9798986982
13.7662345886
11.0117973575
11.7702293866
12.3383512849
16.677957523
0.466300253276
14.7711802419
19.8843971278
7.04650608206
8.39210201966
8.82289577157
0.679592252863
10.4424855611
16.4373943486
11.1104948986
0.633367153675
16.2136748972
15.8595483718
15.2584509005
12.4819241989
17.889249815
0.347597691072
8.60331750655
9.6554612196
18.9656317041
14.6828393468
9.05092913863
3.76941719728
8.82997213942
5.8806481426
1.27279038863
0.255095564093
8.20636631239
9.46167602989
15.9440439757
4.14897648478
13.760824482
5.294214182
0.532764423167
6.85221090187
18.5930956894
2.53539180815
12.9332734154
9.04201389503
1.29877588985
11.9910373114
8.08203912084
9.66473199299
5.8424911823
4.31184525272
3.30426291032
13.2560270054
17.9040102728
3.51103500544
5.33871195874
6.40694484044
12.7967349152
15.2186093536
16.4602006927
1.18420419077
19.9664393192
19.826309657
6.15627857911
1.83403412898
17.8274361729
0.992188230148
17.8847713433
16.7115975838
7.87255426353
17.5776879643
6.96305373908
8.27778492297
3.41717765524
3.2453273661
7.32097682162
0.493098578429
1.92015333807
3.51282340915
10.7337718197
3.27226511111
10.8545848771
13.4387977325
5.06100055598
4.1873790719
1.38583072057
16.3957204577
0.643742291849
18.9161332832
17.1238645911
13.6130006854
16.5262365314
3.11469951178
11.541498245
10.4317856762
4.79881418196
17.918058299
7.95959953962
6.87928639668
19.1038201171
16.6227145871
3.11229091677
13.8022689805
15.6825085321
10.3986615022
10.1588637962
6.29963067408
17.0537682039
5.97989807584
14.8320654699
2.05543580387
9.95563210775
5.95749799836
8.50921657947
8.9620188161
1.93728052058
16.2890182537
6.05539416556
9.23737582745
16.3669750459
19.9261180033
14.1190150798
5.17836852247
11.4196389088
10.1102035119
13.6108388308
15.8537672801
9.07897924823
2.43046986815
8.62578448114
6.91582395587
4.76717567159
12.672885946
13.2462881006
12.753557862
16.4743773921
13.3476783878
1.2354502954
18.924957745
18.6642889426
