5.74519553424
8.51095353071
4.96364859336
5.6027711837
0.814560084133
6.5167976198
17.5515603741
5.77339433612
15.9093910833
16.1336716138
11.0877743262
2.98411461525
12.534899217
13.1691858051
15.1244924908
13.9586765303
10.8636747821
19.512186902
5.97898295973
13.9659131096
7.05384176017
9.99291189439
13.5032764533
16.7091378607
12.6690630445
19.2971266645
18.8734377491
7.63152892453
10.3078183018
0.409108217032
10.1370576003
14.7502604874
3.84270103657
10.8486852293
13.8171458703
7.5391110546
10.350512256
14.0299463868
16.4464295153
17.593769449
1.13009803285
12.493521304
4.55474241606
2.38594754241
4.25148916679
14.0427234281
3.24230991637
13.2112420604
1.78124456322
14.2167228734
0.415088564027
19.0876284911
6.93659894833
3.03339018922
2.03003569589
19.6001837246
18.256403063
18.9481320825
10.7142727067
13.8856725169
13.0484506592
6.97605805816
14.3353570831
1.63761036268
2.25261054033
3.99454540175
9.87649571689
17.84399126
2.4214810314
2.73832558443
17.3928619621
10.3305190105
19.8796867677
5.80169161935
12.3650962599
15.4247756821
18.860882965
7.39843478958
4.27435397429
16.703458235
19.0683802592
11.5891198319
15.0270175198
19.8051519861
10.1559059868
7.20503641224
4.88540204011
13.2075034195
3.58170946106
1.50669254807
5.04399930543
13.0879367903
2.47103659567
19.0899000031
9.54494232353
12.9024290375
19.0554328675
11.1965221924
13.2656223391
6.36281328411
4.71484134216
11.6714422993
6.86965711383
3.05612067941
19.4337017909
4.02290821028
12.1564822391
18.7154506596
10.1817695217
11.5568908253
11.1750675779
1.30929101604
5.81847456207
10.2037089291
1.95784746494
11.6769473172
17.2049657976
4.27151728655
9.539077381
19.6902621961
2.97192784879
7.37847184494
13.6947182844
10.746864907
12.394276543
18.5748066058
14.3792223981
17.4220789288
10.0948367927
3.04662973984
14.330729841
19.4271684642
9.46224010618
16.9816059917
12.2683514845
5.27905430679
3.45347734544
6.63045176107
11.5795534083
13.9392776113
17.0289492645
14.6464683623
18.3398015934
13.3381764298
8.38338883933
12.3717322858
10.8570609341
6.28781785902
4.60424201676
17.2022610985
14.1668762851
18.0838923006
2.54833971803
7.5901966011
14.2774979307
19.2322275411
12.0374167409
0.427559292122
3.56701946643
2.03520904101
19.8730493458
9.2400514898
3.59610003934
13.8831820546
8.77952935005
19.8134033027
3.35604008436
13.2542168659
10.9292527458
9.52269071786
11.3071507915
2.98196936036
4.59894101367
5.1534714887
8.15510865579
11.1624767926
8.23878667194
18.5611709739
9.19033154913
1.9884539946
11.6514101708
10.5237728436
4.68629277361
13.2148175758
11.2645394607
1.99994010661
5.09137156238
19.8061219784
8.59501595618
4.76089685855
15.6348449594
3.33976913511
14.6207720436
10.1306038362
13.2485972671
4.18436045529
10.2862611624
5.1535553077
7.52354819279
9.42691918897
3.13012650683
3.46560652581
1.02814504907
12.3040891289
11.3084239256
7.55956761795
5.34939552347
3.59751508403
8.04367477421
5.48027437491
3.24137042761
18.8705004079
11.6155223109
7.63600679071
15.6570941765
12.1616739545
5.39547435159
17.2792745541
10.7455102164
15.4924288099
0.461670655018
5.25354222973
3.11705588142
6.36277718487
17.3376719122
18.0156852242
11.2448232209
16.7534155105
4.89016209332
3.79982830308
10.6114669684
4.40614227145
0.687655174965
2.88351817121
10.9126315587
3.64402069495
8.28990443301
13.8230285845
12.7747330233
3.71102758046
1.31236192981
13.6041430914
7.17244987234
7.62202462507
8.13602772625
5.09474415806
8.17195705417
1.26659599886
5.47212425748
12.5402026141
18.1504693832
15.9350445932
0.505999463844
8.32589645386
4.96419241854
6.83609145071
19.7774787536
7.85425391969
6.09896165177
0.815724087079
18.3514936182
5.64485059255
0.952894049371
18.3156936453
2.46093181417
3.72555934984
2.28290633708
13.4918332854
14.9604578659
15.8053167102
17.291033187
11.1472422094
7.07593144736
3.27024433367
17.5588253201
11.8636399822
4.96720595999
15.932074953
6.34021946332
0.343018569807
15.6117170137
18.1674277699
8.01098991077
2.69785537734
6.38541024358
11.4907966327
8.51452421823
8.54889254051
4.0271597474
16.4859412434
2.85362113537
9.85286961132
6.15331323048
5.75812334132
9.84573980296
4.14232685955
9.66554990945
3.28666933333
8.94509317974
5.49383708639
11.0257472769
3.6659971145
6.17741677886
8.07563150309
15.8593853102
7.22779108904
17.431629592
1.44311914856
1.46704385284
4.17693229941
17.3326138863
0.413847886319
8.09153883558
17.7313614187
8.46483361392
12.683695593
3.850011567
0.755823702523
8.29252816983
2.33665587508
14.4047989726
16.3389957549
11.9773318219
0.441849583802
11.7663083882
1.44417204102
5.08056093791
6.4872644592
0.930602802024
0.407146503108
10.6663431725
16.859382553
2.52292187928
5.30488197934
9.26350272387
4.32659368774
7.19503151951
18.7200269999
3.91685904999
5.3283247138
3.18980017548
6.52182526523
7.40939121758
8.87117058682
5.47150641543
15.3788020468
15.8317965018
19.2630206821
11.2415054718
14.3241758502
3.38635395672
3.05748274133
11.7661760513
19.5860199892
1.37250789467
4.96238327773
6.90755336759
7.68962060612
2.42977664908
11.4656607205
4.97364947113
4.99560203339
3.22914590458
9.22966619052
11.3629032831
2.59244117262
18.8058963142
12.3532718235
13.5021896314
1.59336784501
0.652298640159
11.7999906967
5.18841230826
6.99956617702
2.00497256504
9.62539036326
14.8933593855
9.57988897969
10.889942146
0.751506232504
17.1343550663
3.69006341137
5.82278251967
9.58966075754
0.398063330162
12.1518527743
9.01919182258
17.3072880571
14.970562793
18.9032005701
7.37866625116
7.57711373982
16.0172956995
10.3303090538
4.5126203308
0.980000760426
8.64076606963
1.51328734702
0.909774485506
19.1447972587
3.25371191638
5.11109975218
12.4111408627
9.32582092032
17.2379864936
18.2838768191
11.6333827092
4.07339107256
11.6968586017
10.4270822374
16.014851275
4.82855471969
2.74083073566
13.8071053905
5.02603031303
18.977155613
2.85080407201
18.8994190738
19.5885123484
6.67720122627
18.7314999119
18.8843567198
2.45766751658
3.90899995209
5.8129592804
5.39419481105
10.0350629163
5.2438907112
0.697310747652
2.80720738826
3.44842496283
2.16320729028
5.9063968773
17.0083126282
17.1223585725
6.12879877703
16.4609237057
8.04244111323
5.63107866225
13.6854784109
10.3239928628
3.75827491014
3.77217248564
5.92283954414
11.9036333916
6.34266940079
19.405222117
19.049515395
7.59165356105
8.7553787467
10.9633236275
4.39260306031
6.61010042646
4.64277015692
14.4942196613
8.73783635329
9.08895456213
1.25098536904
7.2994880908
16.6206070148
1.16408580048
19.2496935034
5.85472946959
0.307347836204
10.6185588783
5.83078874434
2.88937874433
4.7400333179
7.15076579273
3.04004427819
7.95410243615
14.1343329417
10.6076107872
10.6829457743
4.06832593048
4.7667836572
10.4246381224
9.83891043714
18.1295880934
7.61087546651
12.1760571291
18.6309440746
2.54945836176
1.2980891724
17.1720450255
17.5787599766
4.7399363598
7.6340187269
0.681207430131
8.66049173608
19.3580556834
9.49928705241
15.6036948866
9.57386901159
2.11577950034
10.4643765077
7.99507094121
15.0713604466
6.02009016375
10.2304418097
19.1134778383
0.583968234266
9.28172238158
3.35928381526
8.8365030386
18.1716841037
12.3408430044
6.67694557267
0.820596535816
15.1224970334
13.3376214419
13.2485886424
8.16774668696
4.60755697075
2.0997558762
6.38383477462
7.31872584548
12.3568920306
15.5591139412
13.0122739418
7.28951446357
16.3793901763
9.85576875675
8.35363778053
2.18743211066
0.342505441761
8.51564162349
14.3180200196
11.8788008254
13.4500442052
7.15755335099
16.8278481889
8.60912460659
19.4704388401
3.0711157489
0.934778772376
1.54611598171
4.23109576944
0.598222238856
7.33309097928
6.97739526927
0.825589902149
2.31537405028
16.6076487295
8.20925873938
8.05175400894
3.91620252304
11.9816844352
17.2394146217
12.3686583955
2.38017972242
14.5782595287
16.0422596172
10.3618529269
15.1934099946
2.52267056701
13.7977442729
4.74173969652
7.20592252171
19.3997991427
3.57628368643
14.3886042811
12.0207144603
6.78198198213
19.1308837414
2.70458800117
7.0735697939
0.279714199026
2.63213676298
19.3940083891
15.4495515322
16.6356068755
8.94920095857
2.38119170538
1.15167239089
19.1692607794
3.0545223312
4.80951492378
9.22856602421
3.84737351155
14.8994326638
3.95142882588
12.6987966226
10.189168633
14.1596183303
5.03920635667
15.1060028055
2.12694435263
10.9606306892
3.00372702135
4.10540248832
19.0551959737
10.776109783
6.54901902644
0.269668926044
0.341339978733
16.383139864
11.3147473878
1.77724324967
17.471513996
13.0310565091
8.20275552603
19.2997318564
0.357051239587
9.17442116035
12.654609301
6.74084362178
7.79020070266
18.4323574695
6.76582510334
8.79023328267
14.7707284116
9.88710629498
3.34999566008
2.69848219117
0.77892450556
4.97005139843
4.93364330555
12.2129390675
17.6919755823
2.31614793441
17.7188123174
14.2963311173
15.5407918345
8.08063527666
12.6367610128
15.4628348865
4.54165143519
6.71955750844
19.7373871538
14.3715539308
15.9331111865
9.3229732076
1.46363008575
4.94564580846
3.46574391425
9.40687599957
5.845275845
2.73232238862
11.6825772784
11.8625158173
7.60003357786
8.9181632864
1.99841165957
19.7508414597
3.96235968665
2.0430595378
18.9847735179
6.18132485832
15.658213034
2.72267246397
12.41906233
10.8802914646
14.7031039661
8.35749753649
11.4317178113
17.3742863202
4.51892612149
19.1762885454
15.0225059604
4.20926542299
14.7646609266
8.77475790745
9.07236015621
13.0134950916
14.2798293899
18.9177492531
2.18497878063
18.4320270308
6.46883314055
14.0231160928
3.47843636331
7.02254708875
15.4730290444
8.09943203544
18.8906122535
4.60358014446
17.0612404457
11.2594084554
9.7345449958
2.3013754444
17.5842813085
2.54832387064
11.0321660934
12.1092245391
1.84732963405
18.7930234692
10.9975429473
1.66781126759
16.1759884008
0.615716258604
0.315163349223
1.99839188531
9.87385216601
13.9324756154
7.22287164046
1.99554529887
1.37778316761
1.04768797495
18.2286569102
3.10311329089
0.537152558569
3.07792370345
0.493045755425
11.0369827455
16.122035631
11.0964968472
3.23668764407
17.1496105571
18.0384811021
18.5402893035
16.5701736808
14.3115827851
17.9284940819
3.28669639528
14.8377550226
18.0279154643
13.7037701467
16.7319795536
17.5085642906
19.1718616482
15.2942847745
0.217048438915
4.49765682558
6.86495068863
8.84847472145
5.88924524803
18.7240167262
16.7817020461
10.1522821614
16.8166065936
17.0613597161
11.7732833811
2.10281255205
8.59266987514
13.4687850542
18.3247691649
0.799501165963
11.7451878221
16.5009446583
3.38389347355
15.0062308015
0.543439002367
7.82016940115
12.1513798934
0.802944988153
2.25804021845
5.50625276299
4.34782471255
4.54246665109
2.87474712916
9.86271391029
16.4462826277
11.0138794393
14.2651930477
3.90806549908
7.68562066547
4.24334925964
13.5130133642
0.417572302331
19.1942303281
13.5169390477
1.68938209261
15.1963003475
18.6031685948
2.41720288986
5.70063776793
0.362380893369
18.3716476895
5.85111153412
1.34620101107
9.1969140304
11.3072313375
0.352629103726
12.3654168567
3.16640134718
4.24305180018
2.27089005568
6.46960838112
1.07640056505
15.5548193409
9.67049032459
17.0626442233
18.4588844256
17.6685052624
1.17015408412
13.5634066066
13.7015480747
13.4800262292
14.8414785291
17.4666275623
17.7698391447
4.31544011723
10.4326636801
4.89367621549
15.0153658966
18.9132227486
9.74467891721
2.02759940186
2.92080826473
12.1827160184
11.2001199829
14.9808515211
3.16048715183
10.2459485657
18.1089526099
16.5705879951
16.3826899247
3.24857187792
19.8717458307
5.81098743178
7.870681215
15.0854235505
9.55937637981
2.37142524633
13.0587114467
3.94582292773
14.4365027974
0.209393926216
13.5972746001
12.2465926478
7.38987684037
11.4168755912
6.39965089856
10.6990698485
19.1133326332
15.3860825442
15.8508454317
4.72537879063
7.76644509439
13.795117185
1.07178858185
10.0495656397
18.7952104711
4.09302978713
11.0763970685
8.26557567144
7.61503123086
19.951813919
4.18783221039
5.52087229497
13.4718939246
7.50305600828
5.71057111706
19.6188332914
17.1036317498
12.1470256557
9.10543157286
10.7311920652
6.97151249823
14.1505572257
0.275438818753
11.1581673876
19.1759591513
2.041531216
1.91155338074
5.39853925241
0.786024977546
3.12136839644
4.4180851926
10.6067853961
7.01818441916
7.18194647373
18.7960711756
10.4351917301
1.66838595434
6.88608073762
8.76915801062
17.2306191888
14.8069617896
0.971963605314
6.53228016225
4.56778687609
18.9895247854
6.40633740532
3.30256610555
14.8625305716
9.19208071902
2.88023770712
15.3097282281
0.943695751529
18.7522991077
10.7083657256
19.3236430332
15.0663542886
3.63399587044
3.6700795242
13.3609391797
2.10268364988
2.56731231591
9.78787718004
7.16539572414
12.5053625812
0.502755916452
5.18800942989
9.96953490327
10.4656483956
5.70472220753
1.85285303763
7.92247282058
9.57094878838
11.5252763808
4.85556830037
10.338232334
12.5633300858
6.20472986304
11.2374834921
7.63225670189
8.76522187596
13.0764553335
18.9701561259
5.28288393137
15.8972157026
3.10761208258
12.9310747475
9.88880082634
6.7354671235
16.1505163998
16.1615745926
11.7018184221
9.75445568412
16.371208413
3.21352646164
6.20541463056
8.58281578756
9.97219790286
0.584561149914
2.49629159575
1.3343840939
9.80099278453
7.65568345232
1.19512457561
11.0482392074
13.5230856711
3.50449745568
2.75471895032
14.0421373056
1.67145469912
3.32647135531
18.5870350662
3.33635253856
10.2812784194
18.1749829135
1.61128024978
13.865333007
17.9171079202
4.88931549083
6.69107742875
3.79217704761
11.8438764133
19.2713295405
9.03805064119
7.37302046241
11.1455378915
9.86050666679
16.4923355335
17.6519607836
9.20394176503
17.8553135184
19.647501317
10.4959955611
5.65733820651
18.1476341931
19.462011135
16.1411475384
12.4478463923
19.1665937691
12.3527112786
9.82230477619
0.335053077925
17.0033627563
11.4533255741
18.9031833074
4.6415298846
17.9330010091
2.51594833107
4.86791459965
15.8566448762
11.6292557494
5.18156681502
16.8080296408
12.6028985137
1.71216022031
4.11136356817
4.57006361624
1.11552996723
2.18736230244
1.38140152263
9.32472663885
2.79783648852
16.532272786
8.54758124998
5.03468461918
1.98391232702
15.6656360638
8.7821171068
2.25587801102
11.746690377
4.84051949135
11.3438202052
16.7615344889
4.0829083595
10.5607435296
7.4858222641
1.42738117608
0.503007170706
3.69457275335
3.34758020076
1.13523692506
10.2400453959
2.75301690992
11.621109973
2.82091938728
3.57438160735
2.20959959882
3.00735083415
19.7121010976
16.5188876571
1.77750391022
1.43621470337
4.82712256601
9.65968504021
1.00739403276
6.49823090956
13.1558486127
2.57749469103
7.10624521214
8.24631706122
19.7502006314
14.2703670432
19.1095326548
11.8597496812
2.86126137857
7.65549731358
3.4355773198
13.2932884154
7.85494316961
8.12062226903
15.4528855943
4.0525285254
7.81949888403
17.6493392534
2.35483972734
18.1675154683
19.4226835878
1.65826496828
14.9864543157
9.67512298295
11.8700589205
5.09639517758
2.62576657691
1.957119769
7.04597115639
3.77441894218
1.63126121587
6.87728909313
14.4895303902
16.5551001911
11.4199869484
5.71546099711
7.22893787284
7.00937693314
10.5517267615
9.00311151716
15.4742654496
2.98719647083
8.4536814002
7.16024866063
5.12671878444
1.95183745609
16.5802371258
10.8517686719
9.54777008692
3.26652550015
2.95440924436
16.3821652098
7.55214489653
14.7264850024
13.7692264441
7.80241823311
2.07899615414
15.7073812196
12.8310719987
11.0704575165
5.76128253802
4.33980150472
11.3327531551
14.6102227755
11.6615086099
15.9940692091
6.01112731203
7.43446227123
18.0872038811
11.2669947828
4.40919724133
16.1481451158
5.82302087369
13.3618186568
0.329172013354
8.64885993279
9.52398574355
3.50632580028
8.08126223611
2.48662193892
13.4279400403
6.25112356762
11.433740183
9.65178490614
16.9477938303
19.0264156535
17.1888544119
10.2340038358
2.03069572193
11.1356447575
16.0713372874
18.2271952437
9.49423209986
9.20261295906
10.9239492112
2.05808471527
17.8563842309
15.6388752897
12.8558241874
13.8259254662
13.2579711251
13.8915314433
16.5198513055
5.68402430514
7.67837048271
4.07914544099
2.91488207538
14.2222788679
4.72852570472
11.2903518287
17.085810969
16.5464766973
7.75325791843
17.0101972053
5.09446542926
5.306815894
6.42601562925
17.0439660308
17.4846800919
8.24798851227
15.1565805125
19.4409386936
8.73246187537
7.70130117382
19.5075813315
12.5711222778
1.13749785102
14.0250566718
15.3979050866
17.2958674882
7.77228236257
9.46198522215
10.9211529616
19.946361153
4.06129808054
10.9218224365
18.5164814792
6.71835431616
4.5032944323
13.9462240632
15.090050299
3.82048735692
6.43650385883
9.05658800153
15.4891766887
18.7763741147
6.39594939504
0.962143749048
17.5828168247
12.1337065957
1.11260788125
19.4672076861
14.1444490376
6.10724702093
13.1291776952
8.00906720241
4.6445518073
15.8343235569
5.30403634565
8.66053693306
11.1378490019
19.1786149952
13.2203074835
6.29771456733
3.07646014539
18.9033543967
2.59179216039
1.17521890983
8.24544816525
8.24629770761
0.575767189533
0.577854633638
2.56250724249
15.4744400347
16.4269573852
16.3368945608
9.52545923221
16.6707518773
16.3125666912
14.1397062987
7.58571878936
1.62659639716
12.0296052013
9.73024807044
9.11809555278
10.1241671255
17.382670382
3.13627599842
4.96753239164
3.05981606857
3.21675465398
5.70667731716
10.6566656846
16.0419805133
0.525324743935
3.49139424185
10.7180076588
5.94691279039
4.17792043011
8.7202134726
14.8593327793
8.55348176522
12.1249202668
3.57839330597
7.81981556997
14.7512443894
19.8592219462
12.0748137384
17.807494384
14.6320718149
6.22415940607
3.14748078219
6.42525413362
0.275158814008
7.76452014733
2.55096678404
5.07820916746
7.33154303097
9.98705738803
15.3548757359
18.3645276388
13.009385573
14.6713156511
17.41992579
13.3944072878
11.2553256298
11.4229238827
4.51446644354
19.4225909606
10.2179135716
0.341666657113
14.7977063781
0.943606272686
8.61759614484
3.38400815099
13.2272174062
10.1036334295
15.7294630454
18.6972407103
9.28332277209
11.6031602611
17.5958726097
6.22247001807
2.99398055158
15.1210797153
5.85193631484
11.3175804047
6.87010632753
9.532005057
19.4367014326
1.53048146648
10.764001227
14.3554216177
18.73605355
5.70798503613
19.4894117812
9.62957023056
1.00634563205
16.3676879841
18.5303704554
8.99902329796
8.31731975859
14.0235487027
8.75406622225
7.38931228254
13.1884891096
7.81493637345
13.6531313145
14.2696819027
0.458169006284
8.10821653541
3.55065591989
1.42539907856
6.98453342508
12.8047919751
10.8384726957
14.238131218
19.2906365287
2.33472390468
7.66113469662
18.8957915324
7.15711673814
4.32894056502
9.3721101476
5.63633297006
9.23607516292
2.02635455312
16.981524991
10.0579818953
18.2859623116
14.2876329766
4.48194341216
13.3792654963
4.58755975733
9.59045073113
15.839172255
3.78496446358
4.77141633472
3.12678740375
13.7273918951
13.3392886124
17.8417928095
6.82269600788
5.34198802434
9.11554525933
3.67078544229
13.6684794538
11.1771183389
6.83884001452
12.6638237309
18.9399198991
19.0862043946
8.63216236405
3.73409196742
8.80396319132
12.0347161895
0.704426875474
1.1955436543
7.64703449418
11.0844475779
19.0916383531
16.268820409
7.23660144992
9.08825689332
19.3749560529
14.1051144542
0.97394176591
2.41064522598
7.6107857568
15.0166959125
2.3440299321
12.2590879196
2.90017508686
8.48367417091
13.9335009525
15.0083960991
1.14121060467
15.0800098301
19.6631204464
9.04304676576
6.7539424117
9.35119298395
16.6430551866
7.69860183077
1.39361984524
18.6452443837
14.2237407953
14.1184528862
19.3142859145
6.45149693357
18.6057772815
11.5188119208
8.76383268023
18.7361316953
17.8646711817
16.4615618538
15.8682542663
4.5421311173
7.26689312327
7.93209184376
0.272037122754
17.4549100298
11.6361412057
9.9190169014
15.054568105
14.3761616685
13.5134085416
0.402556309018
4.38413221074
13.6734194242
0.225548716317
2.51689636428
9.06956787453
12.6202508564
19.7316893912
11.5836001562
8.94799937359
7.54073693876
6.67816161681
11.3393977247
11.5699330292
15.9842341431
9.37501739896
18.0081262254
14.9353506838
5.27862520498
18.4428734798
13.3667205859
7.9517515391
3.00385283261
18.2835485864
12.856361521
12.8806661232
19.9188106137
5.30329380105
1.62269193709
2.1901195822
5.72965151769
9.36274841016
11.9787253196
1.65011073626
7.26992140006
17.9280439341
16.4055344299
8.11039962586
8.55643265977
7.58774010488
11.5647247417
0.40730969397
9.71819117614
18.8160614322
6.07646297773
2.78999808704
7.11588269436
3.40578866891
5.24932703444
5.28002947024
2.2103209069
1.41792855857
13.0350891635
4.77937724995
6.2279467765
2.06105367161
2.14501805229
16.127986253
2.92637241009
19.3118557494
14.7686073176
5.509872216
19.7937605577
4.85229375255
0.556663853281
17.8675876013
18.8423192458
2.70905640605
9.33584916722
7.26481028332
4.14525951294
10.7832408126
1.78240742029
6.09320876561
10.9556726957
4.81273190383
6.38121610511
3.31021356768
16.4492261076
16.8323114111
10.0775488439
17.3939667375
1.73678460605
11.9262258349
19.7566321931
13.0574657032
18.8262250258
0.934442676473
4.35567496263
4.40648953056
4.27071979719
5.48666349386
6.85625835129
10.9195507268
2.03588347013
5.35755038105
9.00940216593
10.3384239248
16.5358972742
9.19587668126
0.864173797649
7.29790367455
19.6860872269
17.6020876977
14.4711253139
10.2637496399
9.96040089544
2.27679574085
3.15196297841
17.5304235592
13.2017950908
12.3589657197
19.6019413471
6.10405517756
12.8995640867
1.21336727876
10.8090381247
17.0956909137
10.7803093437
10.467289643
4.61467221442
2.93829226388
6.91367176216
15.2054560078
13.6445769859
18.0096353723
5.55123724573
15.4908901875
8.37819548903
5.25174519492
19.5652408236
12.7855068903
13.5060413554
0.81993813959
19.7256915407
6.89774081653
14.3472897098
18.4561645392
11.467226522
6.16237259032
11.8039014887
16.4490925508
16.6052134365
11.4397883118
3.60091553946
3.2683925716
6.97086871486
6.14080465356
19.9103943989
4.7531582636
8.14746974546
9.01528979889
12.9735075456
10.5739185567
15.9099978457
16.3491356001
9.33587182363
18.8364300866
17.2166383032
11.3647144178
11.8292230682
5.67574872457
3.09813973981
0.985775193948
11.0332965754
8.44018490945
8.57738281259
12.0985022938
13.5184930744
18.8246613279
9.05483069213
7.49435184935
15.080738634
17.5045505582
18.7990065713
16.7208936385
17.5183665878
4.20141999212
10.0257162748
12.9661129986
14.5508394471
8.22964431705
17.541796621
6.48311319737
2.41378316231
0.702745897974
1.62382363747
10.5071373528
13.6408206954
3.5941994521
0.506737494297
14.6313518498
9.44587641372
5.53840111403
18.6435912537
4.63062946589
2.9529173279
3.8826313554
7.18646393045
10.9551564462
6.21970059485
9.30594855849
2.067931898
2.89527118472
5.10948353217
8.47911497166
17.4369213568
3.93938392705
11.1156711159
11.3285980815
19.5527647927
19.3207098545
18.5966045296
19.4005031317
11.7288347341
0.402137505423
8.73778789355
5.9742985302
15.6228750278
3.36466193258
2.39564183222
16.5664205228
6.05163254466
15.9744113234
16.0669105735
10.5559377983
17.8897933645
0.502590638236
2.49361832732
15.0931917457
19.9027260941
15.1801305317
19.4388786648
8.7344610026
6.79159685621
16.9503686006
8.18477556295
2.99122107214
3.8642908338
8.62555888952
8.64611089432
6.00014728942
7.29817436941
11.4722992846
15.3826894717
9.29297168664
17.3014050105
5.22400936305
19.3075104442
12.5886512099
10.675381391
2.55841648626
6.22099005558
18.7880273832
11.0767043715
19.6192332407
0.625225686136
13.9472336951
9.38319528448
3.41916883727
10.1290109469
12.4554411282
3.03681506598
12.838689151
12.0669282704
9.82689520021
9.66211694028
3.45772209049
15.3766323086
16.2630818632
18.8096823886
18.6009012191
14.0658019617
6.48802824576
14.1040305668
1.19826020855
16.7296838964
2.93053860203
1.04589614435
15.2269428929
0.233271765311
18.6809858224
17.1229531716
2.22533609895
5.11725965555
18.9513555632
1.11268459442
3.83446271874
19.097611558
14.2869622932
4.69026911623
9.18100546016
6.90446513098
2.2940985096
9.09125990994
13.0398952399
18.1157793252
16.9769570959
14.7523423346
4.1333401707
14.0422316192
5.10854082498
13.9435341613
18.3764938808
17.5515121187
9.75848278048
7.12340932845
0.664884965693
1.54257649996
0.715577681444
16.4821967459
14.3526089919
1.38428802036
13.0179435295
2.93410795901
15.9715428047
16.3003962062
16.8166167698
0.70925818985
5.40012028154
7.75478232613
17.7543303355
19.1319303562
8.93082573761
8.34674534725
16.7997634001
7.94371953193
18.1720744146
11.1073734602
11.9772874687
5.39161697051
11.6953215841
12.7312362464
3.62353358591
9.862115209
5.98769089182
9.33926723207
6.21132678816
11.5019324419
18.4438954084
11.9808056487
15.1585859246
14.8630705371
14.2371090653
2.70435812332
14.0130780552
8.3233587404
7.66964968149
6.55889294252
6.13868490124
15.5468455468
5.31581556197
2.38640659408
7.19095512563
18.2659810165
5.7484588426
9.14519756999
19.7162379905
10.9845521525
2.8933446988
7.54564261656
8.63101691163
15.0382380156
17.1397985267
16.6753345861
1.82576996419
12.0126526201
13.0889066042
2.22946889622
3.73279741376
4.4377256595
19.3862567173
3.03280078929
10.3257601372
2.72243538026
1.54212503423
0.753282827862
19.1075321802
4.43918479768
7.67266727882
10.2147363166
13.7807771635
12.0896591637
7.79922387595
6.17545259096
13.9641362047
10.4973090578
3.94418862792
2.44972793048
10.7354804077
13.3156796108
13.6341726534
10.9105880281
12.9158347685
7.10667035471
9.01689481974
19.8349857183
8.86288426315
11.9236777667
18.685956329
14.1736077762
5.38251733004
10.7170985698
18.2915409831
11.9830286242
4.12516094624
12.5140338089
10.6057208032
14.9702473587
11.2834556835
13.0919469093
2.2131805326
19.3828272637
16.1104709532
12.5456571588
17.3656857171
2.84445606589
10.2980055045
12.4541356986
1.45112370971
10.6970194302
2.27144549141
2.58972828701
3.39249280133
19.2614241557
11.8484744268
4.33446179489
3.08187034014
17.080911421
3.89614313962
11.2519430149
19.427722539
19.6772543254
6.43875165552
17.8319540969
13.0531465964
2.98113162002
6.00626840139
7.19177807467
14.1474032497
12.0753943694
1.33624182302
8.6228345182
11.7952120427
13.5952355909
9.37018984404
16.053691903
7.23925123784
2.99031246228
13.035812614
17.5961745581
19.0339886878
0.532644809994
3.40436588816
2.86752271863
10.3626561101
8.80750326444
3.84834115439
9.31919349435
16.8648556677
0.751035300197
18.8039318368
10.3303777739
9.66526190945
19.0928865112
12.6066443373
1.44331129035
7.27102899975
12.9936383801
3.24529675475
2.36130075527
16.0447848547
15.9451771891
6.07530363661
1.05634383097
6.89038634535
14.4907206637
14.7114875445
8.36451825346
5.36345699809
9.58347662438
0.57266324525
2.36234091975
17.8955672835
2.00954133471
17.0439682462
4.00236938973
15.7767574222
13.116784165
14.770291475
1.11954600933
14.154791689
15.8487845234
10.0666446956
12.9696319646
3.98132273532
15.3973338168
18.2107837308
15.0307124237
1.21875571174
13.1189860199
8.72587704555
11.3200085993
8.31443146915
16.916620897
1.40803610634
3.569415372
11.8214854155
17.6375218036
8.10966408119
12.3558032442
7.02586577739
10.7861104219
4.6596657629
19.929780472
5.34733621488
6.3503289163
6.73637620742
15.0709044326
13.0662215079
5.99917765547
18.8716322491
11.3223661474
10.2738726891
15.4766217834
5.0160942351
1.93365047336
13.6824964832
16.1888941689
2.46240378205
15.9969304954
10.3412502003
7.98935080157
12.0703736725
16.2259419529
1.21238074871
16.460813426
4.12618450886
4.96512963331
1.95281464369
7.84473564181
18.1369431982
3.6646214774
5.79656087973
17.6992414194
5.7305010522
10.3742710324
14.4639117199
11.3155421299
17.3167851976
5.56466359365
17.028689126
16.8708995815
0.346471532484
2.45640947782
11.7076848174
9.83879858791
14.2976336891
2.79251532343
6.76923877671
17.2731955099
15.6327940797
13.170111831
10.7474993782
7.53602776257
0.595516546115
8.98035796692
18.9452187642
13.6620649632
11.9780078129
0.862962046658
5.34646559951
6.75191418891
15.4433732202
11.9014500696
11.1189834312
8.28218166225
19.1926689336
13.7897417778
9.44403729166
16.7242786638
7.9516261242
8.65137142087
7.07051404695
15.1201526935
10.1490794711
4.09319623265
14.7084927846
17.9903327619
6.58756437498
19.1615740253
1.55034753108
17.0670878006
2.52915205455
11.7784107141
0.274834859285
17.0637919169
18.4824995689
12.2523886081
18.0660296398
13.5706576556
1.71302574208
7.81936056825
16.448623298
2.25766315309
10.0495293936
2.53777097347
7.16500786296
12.7373531354
6.52120657429
11.4031414222
18.9124564635
8.93911324906
16.4711456052
3.74370573845
10.4073302613
4.16843053018
12.6056988087
18.1911270572
1.23905796285
7.8667241179
11.822560056
18.1876846301
6.78832845642
17.2956067711
14.0268864336
11.3458414934
11.9743097624
7.22870707115
7.5849123966
3.40915928678
11.4253596572
14.1621734184
0.734463294029
15.1384399504
4.73092236083
2.15721066791
19.7928320547
0.248532651374
11.2196514393
17.7168366137
15.3217191728
13.3306505976
16.6665849939
15.4071249421
6.33670025224
14.4610292509
9.52849643548
4.78042229856
6.65051748144
2.03616630501
8.2848912584
14.5416819974
14.1754012593
19.7517281317
1.83951866155
10.2251099972
1.00662372974
17.1903473026
17.0092318497
6.04951939836
14.2092002795
9.07890778142
5.07727027069
5.03209138317
13.7991750034
10.0397391431
0.294791061085
9.75285144056
17.4286668098
2.60988751049
3.99300141188
1.93551765899
19.8136423149
0.889366445942
13.0491006829
0.875584636049
15.1587507201
0.523460703491
9.15366255578
9.60010165614
6.485211526
8.10376978328
1.36811624596
2.77111940666
8.5357664464
14.4155579085
7.67995704345
12.4226865223
3.18186556734
7.42050945229
16.2013748752
11.8900944147
19.6211565555
11.8363365399
1.90501544264
0.632566012475
7.93603084423
12.4493533302
3.72729858855
7.79426165228
8.55266601437
10.9776542199
18.0323859129
8.31942953618
19.1359882843
14.0299081444
3.39469181143
14.6305466573
18.493508957
3.21673538493
8.1843846193
0.337353961406
11.3297629216
0.437958102677
9.16267106709
17.2067478764
14.5681973059
7.21864248137
17.5169785834
9.57645137923
11.7390790096
8.088944814
7.61722563466
8.92443441589
3.95289552165
12.2536452138
4.25581957715
9.63333539133
3.75434633786
4.33388892986
16.7524502841
2.97269544809
5.14330000404
19.9770001138
10.3131988116
15.6604146215
5.66604525714
14.5956173127
7.75234496684
6.45171075967
17.9453051486
17.4447544647
10.7119810048
6.42545873439
3.48398030279
10.0528679265
2.27140202948
10.6094456273
11.1456373369
5.10419566184
6.56016262902
1.00447685434
17.112368697
10.9807083068
14.1506162724
9.4949680404
2.51170252857
18.193888235
10.9200674769
16.6423989746
15.5937248093
3.09208649954
11.9977220831
18.4325868759
17.9029762984
13.209498442
8.6473599712
4.77569017563
12.133837223
10.4577716003
12.2504933978
15.0850627196
5.46674106217
9.2225045275
2.4473242775
0.547090098413
16.3441355282
11.1143383856
15.5004897154
5.3312457908
3.35603273539
4.91365121249
12.8174342028
8.99235366152
18.753708054
3.81232556527
18.9574526931
2.78929016823
5.35717020756
16.3191804205
4.33370952873
10.1414735404
2.22286323326
6.77347967859
14.6091125914
2.65608936157
3.09810585277
19.6320519877
16.0363060394
18.6237581155
14.8302334666
13.3747502037
0.756006198726
6.1087606303
19.5664139746
7.61172665769
3.46387694896
8.4606924471
0.468536564175
7.72562450117
8.66943271917
11.7495683173
8.97634958365
10.1946327973
6.73423870044
15.1542246039
18.6991966719
17.174253648
10.9414069194
13.4573504827
1.40335015114
5.58086932865
5.95643292873
13.9988653706
6.18067705924
4.10087267188
13.9164714989
10.7902295714
6.52496668325
9.82925335708
11.3363590577
0.503277541884
17.9555298948
11.4949697157
8.62067502061
10.114153239
3.95976282044
11.2453728702
1.07933311104
9.50299561455
2.65251449056
5.06138017728
11.9507105862
8.23564724985
5.36328414274
18.9623988446
19.6608272528
8.17821379133
8.95550307087
12.637745026
15.1813041154
15.1411609239
19.90030605
9.09922368119
13.8441019048
8.34156439468
1.87500806917
12.4837010816
1.52336412368
5.56194298816
8.33552941903
14.9361692893
17.9546583409
0.20326075115
15.6780665467
2.14070676113
14.714488458
2.85502251332
9.60160918522
2.44221052
1.97342549869
1.73472901234
8.96632032542
3.01547829959
9.10703103576
5.24459736511
11.5496772933
14.8647900106
7.79741775032
3.0373751579
9.93527855116
18.6928742402
3.51737371719
3.2245977959
10.5675060683
3.41183339375
16.325324156
7.14544122206
8.67313339146
10.0674841144
6.04909050185
0.968624319641
8.00750180644
10.9686326018
15.584088768
9.57986599775
3.88947147739
17.2818046901
11.8939360859
5.88889234374
3.1853976037
2.52549720119
12.597630035
4.93846090466
12.5453620716
14.056002673
4.28021666296
6.68671629819
6.93398496249
14.0886459957
11.9212216857
5.12018896165
11.6926686103
14.5070337384
5.73550665703
17.9453326132
11.5683372087
1.67171659479
16.0171083175
3.22728006543
15.3436277536
13.3005963674
16.2164613827
1.68403534319
10.8433758733
4.6284778302
9.11449171719
5.79204764613
18.2264621192
15.3253418725
10.4397312482
17.1900421604
18.7029857873
10.1007127072
17.1167154258
18.1776454635
1.1980315936
11.5553830245
6.78640098719
3.95927635073
10.115639101
14.1133772851
1.29966813467
19.4098316914
4.09596642272
6.21968595094
11.1198207647
2.35040760786
7.89083600339
0.252005882788
7.19642395718
14.037332378
1.87590229711
8.71839306628
5.37205231144
16.9355735471
8.59782530555
9.60519141208
4.47356876049
2.62972593617
5.70400316179
5.3783652636
5.71106345932
11.5148997882
3.61011170159
4.01761783366
18.8786635808
4.29800433861
13.9538897919
4.1921411565
2.57081429243
1.77759884334
11.3818322591
12.1057723788
7.59679799116
11.167304726
1.8460667001
6.46123430704
16.3092394306
5.6837703902
0.887886493453
16.5339826396
9.1883306216
0.415164953755
8.16839148246
9.01883208867
8.79594385202
13.3355708814
12.3098358736
2.58346432712
18.0380169853
6.6658059389
2.42712621968
17.6686508722
0.21264243134
8.84639697876
2.49398482928
16.6334902353
1.94831335122
15.4393948881
0.382422722492
7.10255397325
2.83482114
16.707876661
6.60165655852
8.42550987157
7.29768721023
10.2770440754
13.4016357486
10.0338754044
6.73028237242
1.75310562074
19.2640805176
14.6842597461
0.670552986701
7.58063914041
11.5622973525
1.60643428077
7.09713370094
12.6717719919
0.565961649351
5.98679951947
0.229909324848
18.706357903
15.0286390891
4.35805674116
6.66049242482
4.45620251888
10.2751872968
10.7870461621
4.46460256062
0.86013149346
8.64293510567
11.9487348085
1.495895423
16.917240691
8.82893906925
19.4519337827
0.551887286193
0.611041427852
10.4657214792
9.09376142479
9.55099133602
12.0655970647
8.29838363828
10.2689158035
10.8801492897
0.350287732027
13.7831677347
12.9817898021
8.33987140444
13.195845914
14.0947479639
10.9772483513
18.1267962108
4.00221759802
1.86165264701
9.44058603142
2.2246207325
1.72607162058
5.04207880889
19.2414092662
8.11018243236
2.00459168862
13.0503601334
15.6512629231
3.84424291755
14.9464288466
7.89606355773
6.0096468892
7.03678672224
2.74220876418
18.6161306069
1.18881007025
11.3480431477
12.9244509919
17.9599510839
16.6723345675
15.9016891481
0.80873844019
1.36021841903
16.4548587743
15.6809244784
15.9688345839
0.998001974338
13.5595739498
10.7454059047
3.39622990072
9.93648445074
6.10577011194
9.43022959529
2.33091690436
7.29172609821
17.3451791957
0.583611191267
4.6016498706
15.0478865881
4.41717504616
1.98880039376
4.55703894968
1.08970128785
11.6310465212
14.1735255992
10.2819596545
2.10406489391
0.366349495563
19.1590380863
5.83580717899
18.5924043687
16.6135206795
13.9989802448
9.6679848271
7.90421637986
5.09000209428
15.731563182
5.06255250234
14.1275656726
3.38147231105
4.04964222434
4.52336748751
6.12042210274
17.4467233828
12.2325971243
18.599604066
4.09127682599
6.61043377009
14.8294796737
1.36190438338
7.46237006917
4.00116316724
5.78576012343
11.6168765324
15.9676258718
8.71503789339
6.20842339665
13.1790199093
10.9079535477
5.33692779533
8.33042593089
12.7549554781
11.3600892743
7.64865709112
17.1669568811
13.2683984263
9.05989626134
18.4762119343
0.667231278006
8.24109579187
19.050096477
17.1235198415
19.3934924492
4.03103022331
16.2957146411
1.80601086214
18.764698206
7.79263028022
15.7055605473
4.52222552435
8.45683861773
6.62773443634
0.770318361683
17.076861742
17.1582715279
6.84513866277
7.20722830058
0.475486677266
11.7453962865
12.2864270516
8.86257884006
8.12488382986
1.52775621205
11.9554256915
0.998626583548
0.282903702234
13.2558868328
8.48229873541
9.69001048068
9.12451647078
17.0736057014
0.817888552885
3.79442998023
3.54772096251
1.26350026327
1.40655528224
18.0532616789
15.4876264356
6.66623060741
7.82106413646
14.9198542592
18.7467250297
3.53786634238
19.8339209792
12.8998962082
5.64520114014
13.360617118
19.8758686915
16.5669947457
6.08131585732
12.2091459131
6.73002071719
15.7803288721
7.2639050485
14.8793054398
3.95822160824
1.5162099029
17.7033342291
18.098294418
18.6780435182
7.81621694066
15.0793441493
17.3556839039
4.53874615246
12.8905359516
6.90943399939
10.0575741698
7.18907729383
9.24211980679
3.69688445253
17.4871831993
7.47635946167
6.49098703252
2.90685739489
11.6222200474
1.52065699694
3.88057172494
12.3864016794
16.4756887211
9.3660471538
10.4792750502
19.1959069061
9.58896309434
10.1099006959
10.8884574284
16.0041414317
15.0440389933
17.742361047
19.3715960367
1.72085440253
8.44603265462
8.10175019655
18.0772100239
14.2860268894
7.22707850431
7.22473512939
0.986481195933
6.2448700336
4.68171444942
19.5938841819
16.9406016933
13.0807506988
19.692736868
4.71052925793
15.4527306767
18.0296299489
12.6307358719
8.74365587135
13.5709967859
5.3132534776
11.9230171896
1.29763850685
12.3520407124
16.9251549719
9.27102784953
18.9008767815
12.7923700644
15.86141234
6.5567673856
16.0202374806
18.1694710168
1.64491641272
16.4743690667
13.6635054639
17.2228529154
14.6065517162
12.6622782106
16.844354022
0.304782593667
3.46317516496
7.40711586564
2.83207711804
18.7845922004
4.28463470351
19.1024979199
8.87637718092
15.6315232805
4.00027996995
10.4387492136
15.7388548116
16.4234143042
13.308670828
14.1334500501
6.21146858667
12.9858451106
10.1478605843
10.6990199872
11.0314516432
12.0127490414
18.6541663071
19.2992371834
2.41390018427
12.8130047423
8.86807779771
7.31012003885
14.5284448594
10.0303194458
14.5967513397
17.779957309
18.9757168858
12.0048605041
7.77222087346
8.09427412818
4.52767217237
17.5019067914
12.6377767303
3.95585441944
16.9435610246
9.281041692
13.2153540307
16.1730894283
2.17384701691
9.98479838884
9.98206311236
7.77200896501
17.3423903235
19.7861400831
8.37075711819
5.18414699529
1.69116257654
1.8029190876
15.5700173882
18.6944451616
5.18388280169
15.4341430724
19.5756355726
18.5784797894
15.8945886062
3.59771972509
5.194023461
3.61648173882
18.9103252488
8.37602627456
8.93616915067
4.11267238518
19.9923768375
18.8108417419
9.20167829356
1.6490945683
1.99901678275
17.9620032617
5.80820390059
9.79966578368
11.9168062492
19.6464197111
12.7061834341
5.8834981569
18.7581086386
15.1756561138
19.6183577958
8.6504318676
12.241745993
8.30391385787
7.3245671335
0.300742929462
19.5282191664
0.464937312571
15.3230918307
18.3869059253
10.4833694722
3.80078626512
1.35777085311
13.9610729639
7.55527481535
16.8302357851
10.9072966164
4.90831582723
8.63434828924
2.14631819857
10.069077815
11.0959283414
6.00438602624
14.0608876062
12.0030815529
2.68493546578
9.61535266475
18.6685161432
8.42034225861
12.352126804
11.5219811406
11.5195254125
13.8023890079
10.5411806534
11.2395233755
8.17866468407
18.2091247693
10.0823908527
19.0842435819
16.716982725
1.86710164692
16.7981432814
15.5929771534
11.0967394885
7.08602396373
6.24042414192
16.8851275638
19.559628955
0.914481051188
13.864748642
10.0550654094
12.7826308675
3.35042795253
3.89777924462
4.72782146377
13.8545274118
1.10773323538
18.7313269777
7.47644196166
14.5189039025
7.6368380585
7.31161567089
11.9186498497
14.869828203
14.00537799
12.4458026631
19.7773037546
13.167830509
13.387567173
18.4696855109
19.6366644647
14.9700777494
17.7475901672
6.90444462097
7.34325598653
12.9401238835
18.3873331934
8.16411210379
3.63848431423
10.0962361382
4.74835824201
19.7967498501
3.92587719461
6.48071912125
8.91098800066
3.607415446
14.3268939122
12.5970451215
6.95608101415
14.6360990233
7.55161587054
14.5468423972
13.1523577723
1.75315312385
3.26891549453
5.41460861759
4.64660758903
17.805789465
18.5017007079
16.565171946
6.69059957922
12.1083675664
17.6374549109
13.2011124248
2.08807923926
19.7793239367
12.1381055789
17.1231800116
17.5215343949
0.2462210732
3.0630108159
11.7449613405
9.31537280387
18.5531506733
11.8241996425
8.76325269981
19.1795264132
5.32420310349
16.4019759718
7.00826685998
15.5141605223
18.5737165832
15.2400980256
3.19912764723
14.984337665
1.11625298508
7.62452758767
8.54323175269
13.7309470157
0.843651897262
5.70402576301
7.78356158469
17.582640147
15.3769611253
1.72500480395
7.65863399949
12.1215927642
14.1604748395
7.04761902817
17.6183677362
9.04593248538
12.7013776586
4.10814024593
13.2953485672
13.5808019845
18.5576988194
12.0977485813
0.478673833784
9.94164846776
0.498255108558
16.1809427032
7.24963697212
1.93181529243
17.594326888
9.44823577724
17.1893329887
10.3068996654
8.28430904
8.83453040677
2.70757963095
13.2880741653
1.62703068952
5.11437869305
8.10742811342
8.23060283508
16.4890106638
9.004538824
4.57954915335
8.58161380267
8.11496289671
1.92807424778
17.5213732948
9.46487343583
5.50419479296
18.3327312062
6.38852354934
17.1188400048
6.09121886062
1.0126168675
9.98825988111
6.75414760757
11.0946181373
11.1336594332
6.41030455046
7.54635687925
2.55301386473
16.0353171833
1.97015935495
5.58204350112
16.6416737197
13.2140751454
11.5573683348
9.15821233461
16.682754315
10.3852920634
8.28593568197
7.19047393561
9.22195656985
1.26258991834
4.99684869729
2.67686196767
19.4574745569
13.3994606955
19.0773842399
13.2007566987
13.958930935
12.9880322112
13.8633222227
12.4329972319
10.9614071211
18.9933661243
16.8258377581
2.1062390621
17.9657081807
2.81550870487
12.1271339435
8.42978760184
13.7836451794
9.29893333109
10.0568304043
7.86150126682
13.0352618443
14.2808016542
1.28858123726
9.87216025752
13.0230403656
8.0754520597
1.46117752126
14.3809307692
9.14546550853
1.86522183972
1.98719619194
5.75436881404
17.7023584956
2.27365506314
1.753257801
10.6877243774
3.29046721132
18.9907455675
6.4575139351
9.28918488252
18.0101246352
2.84073239762
17.3496941321
7.79733299238
9.31632884754
11.7097236325
9.94503250453
18.947827257
9.09095427039
10.6557836575
15.9607069656
2.79880081375
16.4309796779
15.097948986
10.6970675262
12.590507746
12.810676026
1.71649894972
8.65325201905
18.7441406801
8.4101184008
0.949915189996
1.21433256188
19.8276799825
9.92307992587
11.8732251526
18.5581544718
17.7675431018
13.0329165787
5.6481517173
10.0592678567
18.3949310052
15.8072490276
2.9001048396
9.20612035795
2.08355607689
13.6385682101
19.2646713789
19.6425869818
18.157545944
2.31136938932
12.1688108179
15.476739003
0.541026851888
4.7257519749
19.5184664112
15.3413645588
1.18367728723
16.3245386374
12.3012557306
11.5828497206
15.1984169969
7.65241687404
16.8311239935
9.11301842623
6.99339121962
5.53616768444
4.9970762133
8.17961697017
6.38406285279
17.7380158265
15.7637335434
4.29347147965
18.9924575023
16.8206977841
0.826727587478
6.62219964143
13.805896389
16.0636318584
19.8733411201
15.5641615738
8.41194211396
4.22260902254
11.0871428994
18.7324658049
16.7141332829
8.09115323017
4.20878127571
13.5248088081
17.8260203866
16.4698570759
18.1355323481
18.5695060775
14.2968644547
0.275872712208
16.1488995053
3.87720505208
12.2871519834
3.67361626085
6.71482400264
9.7255507467
5.42182154516
13.7675443047
16.6861856863
12.8497956726
10.8642339422
18.2160307235
8.0496895034
10.2887949525
10.1162322814
15.7391624644
18.4835986064
1.74871703601
18.5083081538
18.8462151179
13.4200026432
0.493825886112
7.42227757093
15.2599695589
9.58367516947
3.75562098622
19.5123003686
9.46906546676
11.3547316851
15.4784530829
4.03598523719
3.5314712656
19.8122674556
0.209622209096
1.6565187183
12.2556379624
9.86271644576
10.4680873061
12.4346463606
7.76079097941
1.5227237116
18.3797747982
13.6237423643
7.78974748722
13.6153055529
4.46020147855
13.7585149316
0.39374852479
14.2213027044
2.69865979564
7.73184028002
5.32240413196
17.6154729224
19.5752166299
5.40300239882
2.48770705148
11.8155380464
8.28307147516
8.20539349035
15.4971161925
3.13097455231
14.1240723306
19.5867911829
19.1725798317
9.83448850825
4.96669315205
19.0858908735
6.40586911464
4.45668058348
1.84915479528
10.6991388876
19.0312627122
15.305439388
3.21390817943
8.25774270102
18.8876047173
9.52904044604
3.08407477143
1.52923714544
9.0090505997
13.8311960118
10.8920172854
16.7247388289
17.6976133376
5.71798551308
14.8309680124
9.36114960217
7.77806468585
10.0649313896
5.68068350432
1.80528419669
17.2503086168
1.19628631986
1.60734093338
10.0008696311
10.9303823235
14.353901231
8.14836037943
3.461004399
17.5856327802
9.8128061434
12.828830462
1.42622191465
6.43522964376
5.01858831129
13.8706159661
1.23418065551
4.00588028586
5.03453060071
6.9240389962
13.8867537481
13.2910194264
1.46302548893
15.8848728061
13.4733957532
7.64613956651
4.40196189674
18.7191247411
2.76055277896
3.30085699897
9.16109744631
12.8220078938
11.3726104404
7.98455686068
18.8589329106
8.99643075048
14.5639168522
11.1824860188
17.2301032177
6.08362189535
11.3427774749
2.95103806062
15.9295837816
8.39894421081
2.74158991842
9.77801779252
3.57703704839
13.3401970458
1.50487269422
7.19398301079
0.648789663605
9.08778110992
4.45386739741
5.84866186571
16.320649447
6.21012139299
8.73387949408
12.5783481244
19.8585445963
1.77998841489
15.9423940314
19.4881880047
5.9991932755
6.73552326671
9.63538661582
6.54854311294
11.0055010528
17.4454037636
10.5364876661
4.60231301191
4.85439744412
12.7309426731
0.456420006579
6.62949832146
18.1631528557
13.9065719548
4.02173564701
17.8879484295
14.3364281787
9.41079473838
3.4876272237
12.7375671617
19.0950616321
6.36577776267
13.3092345536
15.0947669315
1.84742296376
1.91440443315
10.9170845988
6.27894173368
3.91233761528
2.92999940166
3.68290080784
14.8178233631
3.5631769028
19.2980194918
1.2786686011
4.15576596609
15.1020563279
5.57213531253
15.1021870759
5.05704121483
14.2408999875
13.4961536324
1.59413078106
4.82604766317
10.1591309626
6.59669868458
15.5213502874
15.9027997878
7.58531366264
11.9847416584
19.9445665053
3.25372186442
14.5570372906
12.3247152172
8.27244158086
13.8613911144
0.459258775597
4.38433496644
17.2123404533
7.88561618467
0.924752018336
18.442703643
1.38186998249
16.7963130631
14.3934006626
2.13579050891
7.76415935953
15.8608032662
4.44677766381
11.6142210097
13.3544907383
3.18589425624
9.37073906333
15.5575851409
0.274393733583
5.59708808484
5.47539115993
18.0872841936
9.1144175075
16.5255916036
4.22305451475
3.73655474094
15.8244979264
11.1906260248
15.8884738549
14.3173106173
7.98278774744
12.4424961937
3.61791679684
15.0108529088
11.2425316345
18.1909375614
7.66927845279
3.70123234343
12.0881956886
14.228287043
9.17222257052
18.5475056754
2.42938189865
16.7769125599
5.08051646192
11.3568007434
3.62245014286
5.04840814527
14.0537392622
17.1053252543
14.2499475562
13.6271577386
17.5028758191
15.8426001099
4.11091370645
1.71694414775
7.43168321013
19.5538032368
10.3358933803
9.34204334453
13.1926394439
1.17008086816
10.5509965538
9.03046917163
15.9038560589
8.81287013224
0.630887141591
6.05631854815
9.59192590992
17.3950831217
5.17310187096
3.95747725553
2.95804918962
8.73700503441
1.64731166554
11.2159498286
9.53909360591
0.808099161836
9.21311983573
19.6025525196
4.29844856825
5.24525303562
15.4736459714
11.1431044868
17.3215431895
6.34016813047
18.1113488542
12.9211840625
9.23945660886
17.5047255507
7.29241416182
14.484884258
19.0080033653
8.70992455522
19.2148753792
12.7956398986
8.50433590565
0.84678934587
15.701704332
1.85019179707
10.4088429363
12.0499463002
1.77792697958
7.7274088987
2.415442198
18.6089656996
4.31247729577
5.94114951335
8.2297807766
17.0352666567
11.8816493154
9.83093626012
7.27565873914
14.0879190016
15.1438900654
4.14593928598
5.7810244854
2.01150594949
6.54371933484
12.0672036125
12.4934097486
12.162599312
4.89158855689
4.52859264076
14.3515454376
1.64809724913
10.9073716837
18.0004777491
11.9642389331
12.2397175608
17.786032639
18.1735104553
6.25626525574
6.90072266674
10.898292857
18.1538573873
17.0042689808
11.7703496654
15.5026013288
4.06766979279
2.71373833147
9.47457246345
18.0620087021
3.97186135552
14.5744423969
7.25408732266
2.00661682756
1.62801819354
12.2981169944
10.0877063815
9.76617705371
13.2584544804
6.04905944455
18.8987082169
12.0804762422
13.9021193221
8.84263739334
6.49847795388
12.0302377486
1.45319028269
8.52849385704
18.7669622148
13.1058143456
6.0271546219
8.99522532027
10.71609112
12.6393888575
2.22987509348
14.2648825166
6.31685485588
18.1881412973
8.41147363735
16.6995145702
6.94436605453
7.44678030697
9.83257747109
11.9269969492
13.2096447246
4.46712126294
12.3858454269
0.708393905508
2.67428001521
5.84436836402
1.86385282479
1.92031316639
2.52368018826
4.50387914796
5.285319483
13.8783514345
12.3858041065
7.98124947394
18.3220725548
19.4219297854
19.407736726
8.13768279297
19.6298436589
13.7113432382
19.592893249
12.5049580625
0.554687780173
13.5961142927
2.42935328899
9.21852779222
17.5866474391
10.7393473968
12.7269344391
1.16410254431
0.267907612883
11.371928046
17.7406096395
6.71917418932
4.01003939213
4.68245289447
13.3527986611
7.64295407255
14.3773702482
16.3592827613
0.271667536378
2.38906606888
16.3865166414
16.3055396179
19.6792823354
6.24604673527
2.33770730257
8.20747549886
3.96346184909
14.6294263615
7.17278877479
8.9806769008
18.2036097525
17.4539101751
12.2395126315
13.2738208511
13.8623194498
5.49167816179
18.0686480772
7.99217258844
13.8220536658
17.1364408271
13.7419902089
17.7458832527
17.0877582742
11.6030664665
13.2983598346
3.08748328072
3.20206129287
10.1174928453
9.07921905603
14.2047101066
2.99293641756
16.4709811748
14.9860543459
12.384422298
6.55424821465
13.1112529142
19.2519594664
17.742877786
7.93059424
7.70649232013
6.36751736389
10.7261610031
7.77271138303
16.3653717674
6.64359230299
4.53047386913
9.05893049461
17.9604040579
14.7360618913
4.19894212763
8.77200554983
8.14503743406
11.4057706765
15.571911044
17.1449930765
2.26922544247
3.88387552776
5.17401914177
13.9700362466
18.7232310387
9.59786035051
1.7688521544
7.44615839866
11.7777139835
4.70035949856
3.46262468131
19.2181709904
2.09100265849
9.20041573022
19.5316889795
11.3960625203
1.40175359709
13.4626534479
0.535274684635
12.2726717556
8.32410482451
15.9273401812
9.09265477245
16.2458765117
15.2226565202
14.6055508645
13.3714283886
14.1571777724
1.78604902654
13.6033742801
19.5181812498
9.73636968411
15.3302806805
3.58334145525
9.68035527582
13.1369515642
18.5639442717
18.7438490002
14.0050080825
10.1116053412
8.65828348476
17.3585077334
2.81231575764
16.008977671
18.1633699685
18.1701678476
6.47305541937
0.680199921457
4.54882627384
15.0166223773
2.70430889631
9.25464133497
0.249298371552
0.904731993968
4.24147893752
2.33964771541
8.50267090311
10.4609311415
3.10599296209
19.6810608139
18.9171866714
1.0426289942
7.50676330774
18.4443241914
17.7868994034
18.2074174306
17.3768224723
12.4174293636
17.0493509463
5.88479239773
7.57655291893
10.7046884279
4.5957573823
6.0175012837
19.0263163725
17.4177616299
13.9874105904
13.7185017216
8.99493405129
17.6847139932
12.7643182457
14.4970838556
17.6139112372
1.27185004383
0.376003393302
6.83941865553
7.75850574575
17.8811343454
13.4278779423
3.57082749691
7.43779282709
5.76602818598
15.6916032505
19.394203483
17.4675727056
6.04676282143
5.61712843205
11.0264183755
16.933343899
10.2641075145
1.55606743958
15.1578109245
16.4335731823
2.34798921328
9.93492978351
11.6117768329
3.72418977143
5.31770571642
3.15748078178
11.8057630446
4.35467377815
19.1880266157
17.6213966601
4.48353113096
12.344006613
2.69999624797
10.2113718316
4.18963240114
2.01075409066
0.764427388315
18.5451201327
6.9575257963
8.35969892697
13.8664917498
0.683305352733
19.13103099
13.2146647259
16.0773347317
0.731987075778
15.0346454757
14.8761871485
13.7251215838
13.4020162205
2.44018911216
19.370083456
8.26719535311
4.55635707414
13.6357855389
19.7772955762
2.9132231433
5.65936158431
15.6806569565
6.83537420373
14.382771206
6.69982277938
4.13283657426
10.5219472916
19.8131987382
5.36909394435
17.7003334134
5.30990199787
0.85293497779
15.3804555501
7.87456905721
13.8157873301
7.02590164748
9.48803787098
18.7026290392
16.9394492736
10.8368188702
16.7707894996
0.433682892082
1.12585694645
15.16978693
18.81289452
14.1174550036
13.3577580806
8.30691429431
12.8939694398
8.02191442816
17.7489072476
12.2720633766
9.24872856156
17.8462467132
0.764264982392
3.74192943257
7.84673197182
7.45108339986
4.2741280546
0.495409826578
10.0097252419
15.4202817274
7.3890456663
7.53141954677
8.84093919908
19.7062070344
13.1939048137
16.4608670611
17.8292304566
8.52391211122
8.6847693205
8.50823331111
7.43672841914
13.9881924279
8.9781011342
12.6356922804
16.4548494502
13.0002075779
0.854627941108
17.5665056739
2.01792712802
16.9146001792
15.1675804417
6.23802110846
14.3092688048
16.6200375102
17.4299306298
18.8579693397
15.6388806768
19.9504243955
2.50297240269
4.55705820894
9.52275531204
9.19361243927
18.3493165721
9.20014586624
3.69185498258
17.4183054894
10.6211367173
6.71897232508
6.01279318851
1.50536650883
2.03077136727
19.4826674918
16.8476952318
11.8401880198
18.5034763644
14.7557678909
8.90448855883
0.91572669524
6.06487292707
12.7718339465
14.3717856013
2.22823841666
11.1701974372
10.0574047532
13.1967737581
1.17338990819
3.26264690471
3.79888030546
17.6035275586
19.0303858038
5.83805301497
4.85417854889
18.313004053
14.6892144438
8.40923728946
19.4820316533
0.653191964975
1.9794214639
13.5962648225
14.7871866119
6.825877692
18.1482328187
9.4697416496
4.74848029144
11.0817189361
2.316387298
5.47969017792
18.8399075891
6.56922164845
16.5253982161
8.41787235373
4.57383498176
19.8816721186
7.66710806747
0.984501671465
17.6780998401
13.4023181763
18.8235463784
9.30540606004
14.0432213507
11.2431630873
8.916547461
11.2557594158
6.54829181211
7.04816778236
16.2330519493
8.5208931787
7.72478128423
15.7346002341
18.614845106
7.88685599583
7.24892009707
2.39143227739
5.02793449958
3.52642006369
10.8049092607
3.54318381112
4.10135416379
13.1354886583
7.66476338427
6.7413386638
14.2038866464
8.05043171902
13.9954822277
17.8234163036
19.6279376461
3.2968424816
17.5869563185
5.42669825028
17.4807656777
9.80261827444
9.26868083428
8.65453137212
6.72619211508
3.62777379592
10.3909992717
1.53108600068
19.0591862652
9.17040200411
9.09013533619
5.21082509224
10.6320301735
19.8376369533
8.81159769523
10.4721200783
15.9870513778
14.6657646309
13.2071022823
9.57922315607
19.2958230597
7.7772484596
5.93686470076
18.961577881
11.8176792305
9.11474402344
14.2413791751
5.76872506878
0.221164042896
9.43862090633
4.27060340953
11.2329746614
3.39126327903
8.03073891982
10.6101707933
12.8325027049
17.099916948
19.0824147826
14.6648199874
10.6168057298
16.7574136045
14.1309696016
15.8488981058
13.4897799074
16.2033096209
2.00876663284
8.23081793585
6.47498433348
9.60218611311
16.2176432145
4.06611024573
18.2802318759
4.81607297889
16.7833994447
14.0750041478
3.67325017659
19.5639814484
4.61667495307
17.110092201
11.1709800328
5.35596948359
3.33678888514
18.2827996092
1.03438856756
16.3632780263
13.0465464243
4.91884239402
8.38972532993
12.8781249103
6.9403496457
17.0076266027
17.2256705176
12.0411915977
4.90012282672
7.19969829243
12.801331008
2.55098755534
0.963848847087
5.58217883368
10.5238017599
5.12407604712
1.51576005373
8.40547548056
7.56124721574
8.50294609321
18.9799463449
13.235007014
9.65601719718
8.98429584537
1.06469968938
6.2095154205
0.371393561185
0.65957424996
0.310480510027
17.6226422146
11.7976276446
9.95950602345
16.3565954451
13.510495005
16.7676137796
10.2368555285
9.74338329416
18.9380873339
7.58677231499
19.8219273964
10.8035510378
14.2483770074
0.954157678134
17.4382131152
19.9044665444
18.1194844396
4.5797426364
13.1334055568
9.53858666201
3.87074245483
12.4578045723
18.6480082121
1.16741897196
16.6296361133
11.3838415588
9.76895162585
12.1058784241
0.258083708549
0.449230047021
6.92810474858
18.0897719514
8.02790584199
2.29102407414
6.95514000012
15.6844049775
4.71054134003
4.68125039808
14.5199802583
8.60202689303
13.4699776174
15.113975793
17.5015132778
8.12025911945
14.7630190739
14.869084732
12.4968356503
15.3720002589
16.6012642862
9.88795626014
13.021333024
0.638266751833
15.4172821389
19.8214964908
6.82323572234
12.3336555856
11.6923781272
4.98121071166
7.92151902726
15.194847946
2.3887677051
12.7539288357
19.2243353573
4.79084837048
10.9606540135
13.719819393
2.89227692178
9.51119923968
19.1581292989
6.90956093179
13.2723817689
2.91226852841
7.48754662211
1.44371256537
0.632902402343
9.95826852616
17.5334950385
1.52410577149
5.61470917853
2.41846823997
4.88346699913
19.1969994853
19.4926789092
0.626110952214
12.8712801094
2.63361778141
0.285231744072
17.2750267467
7.31331288199
15.4256838132
10.7943801921
10.3550090305
0.661871799264
1.51626267907
11.0859666652
11.5239583349
9.57276816675
2.97119184025
19.2372296108
1.15873366045
4.38722274438
1.33774118431
0.411060169879
14.7374497021
15.7844748236
15.1293206426
5.97010161169
17.5582138566
9.48258635738
18.8052250127
9.88045699281
19.3177260264
7.7148593353
13.9307643659
11.6740759396
7.95523192052
9.42037984789
5.52334604986
16.0345973692
12.4664394032
0.996044509206
16.4196250246
18.740504986
5.92942103417
6.9027846528
10.4351023918
19.9794512294
9.66971629963
6.57996716783
9.04219511065
13.7285444449
16.909180375
12.5754704518
15.0674427708
5.00916150644
14.833420414
3.11523266952
17.4270247468
6.66193087744
3.1048732959
11.0342897931
19.2706471045
18.709782622
13.1320919925
5.11574059579
18.7914886639
4.19356656358
17.6002438773
16.9169071255
11.0207132962
2.59661827058
10.9292859811
18.8666314863
19.1140533815
5.6153576269
10.2920406633
17.5645667291
3.99247190858
18.7297467194
2.8855889299
16.2798981386
5.78776273574
13.5999985366
19.5115503868
15.375986121
2.08297992426
10.1219142504
9.31097762437
8.60014717274
9.19566914111
16.38629575
19.7982643413
1.64083433093
12.997281167
4.25642091432
11.4217353287
18.5279612781
7.64134601232
2.07029717432
13.336954081
5.98541469997
9.98053891562
3.32650038404
7.39135060004
15.4045691115
19.1772352481
16.2727650432
5.62321151
14.1108659675
11.9872293588
14.5973656839
11.2285160245
13.8707889835
8.7316338091
12.8960200987
8.34469888931
8.22986487159
17.8636831901
12.2444159228
8.29783777021
17.675976952
2.7209851122
17.2195850074
7.11899241132
9.08413142247
10.3663196418
15.8443084133
19.3916940623
16.6215312829
6.68902404855
13.2592306121
6.03891102748
0.764963067986
11.5392906362
2.41108586752
19.2936438275
13.6885922578
15.7999113376
5.75477748604
1.5922262688
16.6586079182
2.28761016705
5.45198610129
5.32203698755
7.64845107825
4.51139859826
16.2483930502
9.40867268126
3.16563545681
4.76001388269
2.83233009454
11.6722482521
15.1961996392
9.79068372081
1.31561322264
18.1721904864
14.7821908448
6.32450822247
3.88492239122
15.2103486755
6.75326293987
10.4109333429
10.9795288019
16.4270274284
9.01430409457
17.4849055867
3.49307607926
18.2843640294
0.650428087869
18.7158216258
15.9677978937
10.2558760346
11.8691441599
3.46200706833
7.51733880259
14.3698531173
19.4785234253
9.9425707786
5.82113846018
0.454263473293
13.6721053946
19.8646084833
14.9194154774
15.9439853465
2.93256564936
12.0498148485
3.80307103317
14.3061318223
14.6235660782
17.7764335963
9.8038157044
5.60975624585
4.12549126691
17.2655595149
6.91248150607
11.6294523242
15.3246618792
16.2434555941
12.1706606782
6.11359175383
16.1197327324
16.1608830922
10.728352817
2.9740789296
4.09138797736
18.1110183832
4.30193519411
11.4343966257
10.2457837823
12.3459791607
15.9557452134
12.8195908449
19.4963967949
15.9429866935
7.66066356785
1.64997605686
14.188088757
7.83397963144
13.0869511471
8.28779439297
15.4196094577
8.26726471989
16.2678898694
11.8195431097
13.4151993242
12.0757103205
1.4596998091
9.24126538968
6.1024202567
15.7585446796
10.0951528039
18.8558933485
19.313808932
3.52728749725
2.99835848853
15.2228391504
15.4481250221
6.19486116422
10.0110637844
15.2027935184
12.6165290727
7.17495560863
19.4734326755
18.223244532
13.975934985
17.1268037233
15.2527513765
5.1542473226
15.1480296204
15.9813839193
12.6086854707
0.45424971986
12.6189271395
19.4927094992
8.18278440089
10.8676448429
6.64842731488
2.52323076949
2.59015429114
13.2228540322
11.2046201863
11.1051058657
2.85040264205
7.70437349496
15.9695114737
0.775415554935
14.0588025341
11.5261697805
15.9251243255
15.6520627978
2.2137100265
8.28385042094
17.4008626587
14.4310351359
14.6305641949
3.10002566065
19.1197696873
14.7664593796
1.78666124859
6.55710228624
5.10099481622
3.7913889358
13.0747783695
16.9901394811
12.5082231294
17.3164369284
19.0809418938
13.164126348
5.77055384145
3.40666461926
9.30528005378
11.2858477443
19.4308823934
10.0170208611
18.6175501285
3.19044949714
3.79153518987
7.96224804349
15.925188331
10.5727312086
16.0908743832
8.81522779379
18.8622332792
15.5252034365
1.42169011271
8.45941601367
5.20746411493
1.7552600204
13.8515917383
11.7509456405
6.91913025599
12.1042124972
8.3215500508
11.8681262233
17.2653998891
2.14560293656
2.13500690514
10.6660134613
8.50014751268
1.23933181517
12.4486331387
13.3089984816
9.6291454439
19.3791873122
6.3559079971
8.71141396633
18.2308574845
17.1394530163
8.33129398207
12.6673642345
10.3745876611
9.14852522135
14.5730264301
19.8443441459
8.70499398965
5.11359430824
1.26985728572
13.2213358227
8.90694808657
11.1463815107
17.5168495958
3.23364572128
5.42169193354
6.46551530216
2.59668122061
2.23463947462
9.90239282341
17.0473224915
13.9261764169
18.5216065733
5.49259161333
6.4063904752
18.8788809285
19.3673956942
14.252722469
14.6129573432
2.53529794466
15.29905581
2.25914821665
4.6124114101
16.5974498658
19.5371243928
11.0718582614
8.73303621728
3.03852923481
11.7812470141
9.73899677524
5.04983296858
9.00977050137
9.32723045792
18.727668255
18.7995226739
5.96513109306
17.9334343215
9.91864355317
9.17360629164
3.1951161692
17.4147092352
15.1518555139
15.4616689532
1.19538822818
19.8675618878
18.1607421533
4.21625464975
12.468482679
14.0827324152
16.6105871076
13.0791384298
4.53599390515
4.39405166344
9.06862107621
2.32400788548
13.1313880777
11.5661875811
10.1380201205
0.220434064335
6.06037591702
4.34101329851
16.5541664121
16.311107571
8.80807403761
16.660697902
15.8959942863
16.4040944871
7.95851006432
9.52164278596
13.5663378786
16.8579293331
17.5933884225
6.05901044378
14.3662477799
9.24316265307
8.1358952184
19.6177982441
7.80146896043
2.68181296033
7.61021658708
8.88407268386
12.6554989992
10.6387567369
14.7224203348
8.69045208931
6.15543551943
10.361129321
14.7447075538
6.63597380849
12.1615708831
14.7996103761
13.1674672646
13.0100170369
6.8824162508
5.25562063381
18.60922029
10.5796759593
11.959647479
9.63306083076
3.99353542119
4.0762540665
17.6477386087
0.909314923752
5.5228569224
3.37904223275
9.80724682469
7.53442002741
16.979662225
6.77709392391
3.28017814794
10.6291819396
15.952010047
1.41796645506
0.884034287577
9.91941237094
12.4973641926
4.5154554731
3.36407828092
7.27286961961
16.815314725
15.9680080817
7.82859447972
6.64819701366
18.5413563375
10.2482079323
17.3863772272
18.6691818232
14.1471494179
5.90993537867
5.4401228209
8.60383072063
14.3938696003
8.37939818071
6.71817923183
12.3834497248
17.7266462216
2.44583745126
17.3739412171
14.6954000599
10.6026283236
17.3570591219
16.6538268852
14.7582710135
15.7654236074
15.8675879805
18.530162042
12.3073577279
5.3826178458
2.14625017603
12.7721251097
1.45910956615
5.27637704934
16.2836923669
2.64085927173
12.3076604166
6.24146811336
13.3076433441
6.51279063405
1.38369345917
7.12953461644
2.91788543061
16.8958243522
7.07029988463
0.4933828695
12.0274198348
6.18855921902
2.24509265905
1.85910521086
1.76313643806
17.0969778982
15.1273560293
16.6149821557
8.28336875349
7.43408645458
9.45665430656
12.787203602
15.1630616639
10.9276099987
12.7316181039
10.7428615682
3.42646583475
15.7154868136
5.98147971294
3.06061366242
15.778992544
4.62814054027
6.83851000301
10.0886832272
4.45564746124
15.9878430577
4.97162804572
10.7047332432
6.04948981969
17.0495175799
12.0026418556
15.9047208215
3.80232941658
14.2303502954
17.4012996846
1.10624336376
10.0777833233
18.9171686112
9.32625390987
7.72960651024
17.1606270995
17.0040594892
1.79806756782
17.5907174553
19.0780307997
9.53773224382
4.28571147253
6.52360812636
13.7101649565
7.91600620337
19.3845176764
13.7739953516
6.45014337522
0.44786916996
10.5282195864
14.4723257498
9.13382926463
14.030018725
16.1372519297
12.0075067439
7.97304599417
10.8112172392
8.44125825828
15.3331080376
1.20456707643
17.9771243991
3.78815478146
17.3317828311
11.0678427854
2.58441211057
7.04289298012
18.8471419974
2.43313067941
10.3771109148
8.28124243256
12.7653808262
12.6837507594
11.9589078055
10.54296118
15.51744112
11.2652918472
18.4272534337
12.1701461872
18.6860293474
3.84392099844
9.07970316155
11.8663593012
11.3673947395
0.3082265444
17.0189367955
5.15946235209
16.0218741132
15.934001295
1.38675067276
17.914787046
11.9421369687
7.08438306418
14.321384215
18.0166530896
18.7442624903
12.9143618051
11.9188132105
11.7497051724
3.16772357191
1.81500288517
10.228865626
6.46706418348
7.89836052052
5.94642097221
13.7847342795
18.6787968239
9.56032603305
16.6933175864
18.0742484731
15.4331047104
12.2279772735
8.63608309884
4.39362395706
15.2667845453
7.48160863123
13.8192387274
9.31184756918
12.4771222849
4.05344598852
3.60267027476
1.02112902868
9.99853476461
6.25466735963
13.7888492876
6.46731536309
11.5936287786
8.0077636889
15.9159363013
13.7914606135
9.55840239715
5.19683231937
0.50276987356
0.483359442006
5.89404439462
18.9116707791
18.6898847632
2.46490708079
2.95673662585
5.29958003673
8.80310257991
6.53292238164
7.75953405393
13.0551537306
4.69136112834
14.0050904388
4.88448336062
19.6883814794
3.33738246338
13.7629766177
14.2949190194
5.78754282512
9.02717963368
11.5032655713
1.05681899349
2.25246879625
4.33637319308
16.8128179848
0.541804265599
6.81269464882
16.9827790073
10.2235212602
5.80235262312
10.968724813
0.438222939485
9.34378728623
14.1610625047
17.0319395354
1.54840552388
18.6387779175
12.587748232
16.2090568961
15.5300131887
11.5720830596
18.6198411902
15.0302032538
19.0519906013
13.1340629498
8.07785899928
9.07385153106
9.11214260729
5.55999965856
6.98132537749
5.79209206887
2.26276745349
5.53929221509
10.3481808841
18.0194868999
16.5698701286
3.02968601206
11.6547019387
4.29404045449
13.2220481485
9.89869121003
12.2550076445
3.33782171225
3.91311053619
3.26690593493
13.3105367304
10.7032238022
9.13351853124
19.1961841151
1.75870915637
11.5909646861
4.95207273691
6.57444085263
14.9926368363
15.8712242256
13.4159547741
5.80004880453
12.0493770735
4.91121785469
4.24548090391
17.1193427215
15.4548975287
9.72326753759
12.1312137826
0.845823539084
4.35785525545
16.4578701344
15.2759654524
17.7386531554
19.2671324497
12.5066163877
11.8390764944
13.6639693949
0.675635961504
13.5917520844
2.9527332151
13.3288124777
8.90440833871
2.65356627356
0.259791857245
13.3598805493
14.2090734989
2.41290917841
11.6602905176
1.44342474451
14.5165038609
13.0181865289
0.298346575269
1.20843013773
7.90043151365
4.38467035909
19.4024055737
15.5463145342
7.17805156182
3.85006452805
1.09479868853
10.1226290451
4.93847274261
7.56060290361
11.4562305755
12.8637054712
6.15531858869
12.9532445042
10.0189806052
19.9053697557
3.31167821524
11.7272135248
8.51882793322
15.2774458997
11.493224063
19.3073457691
7.88450039709
4.46335074459
3.88116548531
9.84773854751
9.62718073431
3.26372684379
11.2396370775
18.0088127593
16.6068119093
19.6589791389
16.3789679085
3.18232005398
5.3759190789
9.89337108985
11.6754596566
12.8658402719
2.33526937194
16.4972022768
6.95211005852
6.89760243895
11.4126513737
17.9154982403
6.68738063459
17.5073718635
17.54230598
19.7717166198
8.91888749568
18.1162840088
15.0792734312
14.9862713376
5.67643776676
1.50293131566
19.3668634133
17.3290852147
14.5136205662
6.40659183611
10.3465164731
13.9248120011
12.3959925736
18.1886313288
11.7668166704
7.83232346052
6.45999448257
1.71358192266
15.4552089292
2.05420931972
4.30809973236
15.2184587699
18.4416588184
17.5617050234
7.76093327089
18.4266646037
7.34203553733
9.38579240175
1.11138184113
2.94380808372
3.92142852139
11.371250666
10.6720454429
3.69333244005
9.58990093307
18.8355821939
16.0664222038
7.56460427399
1.28850083714
10.543672647
6.74267551519
18.7072262277
11.7375336576
9.21783290426
13.8608445858
5.04195880585
1.7299329519
2.85984546592
8.95520245634
19.8099806007
8.57454967139
3.5718831791
16.6095272454
18.7880598615
13.8821104042
14.1200507424
7.39300174119
12.8501711159
10.8651310449
6.80275287271
3.30001873146
5.75590618236
17.9790286517
5.17295716324
19.3935436814
10.9464571561
3.643873176
18.5934003175
9.36018927486
9.85716113459
10.5720208293
3.65318337848
0.38004285451
18.0367062717
14.2826773838
17.6259077927
12.1757161613
18.1997854892
9.58187117145
3.93150368638
8.44426382319
16.3547048772
11.9211229228
8.94137672413
11.4862165481
16.3888373323
17.7091468687
12.8596948124
0.297953719498
15.2732015425
7.15388529826
0.586119988151
19.3672212901
12.3164197744
9.96798153093
12.099052023
12.8719902464
2.43235075118
17.2005313983
4.20406534537
18.2558261546
15.8769426379
16.3263514159
10.520968772
19.9594792036
4.3058460385
10.212018397
4.55664127225
0.717951029523
5.63632450783
2.95372807762
0.974436444119
18.6067098196
7.13396414425
5.07886715751
0.243290879177
18.6852409693
18.0183986812
8.15454120291
6.57536761764
6.57331056002
14.0658718562
9.40981066366
8.05427683948
15.6687589252
11.5576988733
18.2608128547
6.34199496411
4.93394327922
12.112979927
12.0041409593
10.6154726095
7.80292008091
5.55272725927
8.97367510149
12.768102119
3.18294187168
4.78888982221
11.905753143
8.18576517182
1.35249844676
10.2668613236
19.3646701278
19.1100999681
13.2411090894
18.410582983
10.0314801814
15.8295193386
10.7811943011
15.7881004451
17.8486142163
14.6801745326
2.02349133419
1.39847027235
9.52153403731
19.2777193477
1.92516892381
1.17061309912
8.68635241308
6.91463852804
10.9614103709
9.52505231127
19.0022381701
3.79714658835
11.136677624
3.17804530494
17.7247070723
8.01532283557
11.2108098781
18.9125980738
9.9672935655
18.796224192
3.79223011103
