19.9031832279
8.24858163396
13.9089680616
18.6461114464
12.5279261508
14.1371724928
19.6245585056
3.44488526727
13.5239413066
18.8282788163
13.4691242754
18.7940328076
1.77320669811
5.6466066051
15.2931114152
8.38710133254
16.549511691
14.0299152348
7.46821188976
12.5652578034
5.82097449283
17.9720246381
9.53781245183
11.6389804964
0.920849909919
18.9815941676
9.28802088151
8.40462314427
4.250840618
12.2046664214
9.80534445305
3.91375329529
2.04597385038
13.1706516735
0.289517038641
14.629106463
19.6517119556
1.85493948131
18.6582680296
1.28730226279
19.3817210699
5.1554531492
18.4261107077
4.9741615508
11.3329361972
1.80966643467
7.90546322339
16.4001675993
16.3293199652
3.89557520147
17.1930862174
8.34679751122
5.75894057111
15.2860392073
2.24140148264
17.718575827
8.35390777999
1.65904118361
4.39632717771
16.1382886182
8.88216410243
9.58503852778
0.514877218345
7.8061383011
7.06718173431
10.2332429587
15.1451895981
4.38451647224
19.4041712657
12.629033496
14.5397891494
12.0685239785
5.90551767861
7.03345421057
6.42608968612
15.3069765952
0.779216872489
5.84853919546
6.14391148511
11.9015556272
10.1639663596
17.8786140364
8.80024760789
10.914760959
4.69085232716
11.9757392723
10.5070396957
17.3250131756
19.5575874392
10.677684626
5.66298438052
7.65717090286
4.34733114835
2.40894011575
1.70509792962
3.88850431186
10.0169411175
0.894148675719
6.95174724106
4.95834250851
1.96637573376
12.6463714569
14.3051544052
11.5782073551
9.41896117221
2.08743669692
16.2953088323
19.4066050593
6.66226539518
12.1602663954
19.6257821167
15.2591352702
19.7517307687
18.0053249255
3.69100775696
7.7820721522
14.5563834863
17.9907783639
11.3387998025
9.08902936242
3.22439235897
14.6054878324
11.5848118227
15.9024196481
13.4090069622
19.4668388802
17.2531585399
0.656128696951
13.0302584146
1.47638129367
8.22390757301
5.92676831691
13.3076332362
1.51755599873
17.9157161914
4.60748708236
9.10633545989
15.1845129321
10.3727060877
12.3150765164
4.26912588765
14.0377431844
3.39810172151
7.11260077061
4.75644278849
8.04820994983
14.0933530041
8.02140091603
3.4739210572
6.26703904179
12.7990386196
9.12351794339
1.32582592934
5.30757464921
16.9418019807
8.72768904702
12.2918641504
19.769025109
18.4435148445
11.7334326881
4.15893497073
7.45081993751
1.51837382269
4.75869771395
1.44301860146
19.8239174578
2.15171114625
12.7126422732
10.9662397184
2.36847003901
8.15075051777
12.6668650925
9.31596181233
18.4376828691
5.45797286559
9.96205767721
18.6701835374
14.5210974215
14.4659222991
13.2410531814
19.2247971829
1.71299651549
15.4213735336
2.58056068505
18.7250623378
4.02590839397
6.14928642673
19.3256263609
6.19870455681
9.54332089813
18.9344332285
5.82035438383
14.6449145568
10.7131168072
9.29238386112
14.7520339332
9.54281904664
7.54560269235
13.4945192906
7.51700889654
18.3344253604
6.13696414645
5.96561401976
10.3633450143
13.3624926956
6.56817575286
1.51508302255
5.46123737252
5.86369449762
14.2099963999
0.400908741886
4.44621185678
16.5382251407
7.92322030829
2.41042911028
12.5406510568
13.7073430577
15.9089673582
2.57916235757
12.6134986275
18.5915353218
14.1435750993
1.24518754159
16.1456120936
19.3074339492
8.05974739831
18.8979874234
15.0957503227
6.87317932561
16.3965471263
3.74795442992
10.7048396096
15.2992666894
17.6540863148
19.8395748728
15.7968320816
5.09056436406
16.1186342389
3.03842975908
18.1823135886
14.3463221815
19.309746825
1.14597338971
12.2349656219
18.9882501323
9.34083369711
12.499373477
17.2735706554
4.68128902951
2.48281014878
6.66244369392
10.3654922284
10.3441432965
4.37913800676
19.829030105
10.3712954718
12.0539436849
1.66190828329
17.0726916405
17.1726938932
17.239495681
15.9247037245
5.78755792104
4.48128650602
16.0992883162
15.4457028813
16.6548434106
1.29640913429
14.5783432191
11.2173755697
3.90306812016
9.60580097668
19.1309118697
13.1508847973
4.55581847325
1.00020602244
12.1673351462
17.9618337982
0.304674519966
13.7611131541
15.5977546367
7.68875919694
18.0442993126
10.3719780692
10.8888365
14.8659483267
0.994394453373
14.8422507853
12.230821479
17.1626482629
17.1913655141
10.100944811
3.69047213808
1.8344818902
4.33896958763
12.9954651772
13.7260927923
18.156300006
5.06513700538
9.29973947763
11.3493956662
5.72617252321
9.19516963689
5.26426848246
3.36561430804
15.7252637353
6.06024046711
11.6464121992
14.4805254328
4.57845429562
1.62846263448
5.09569108003
4.47720766913
4.07337754669
4.7108066361
13.1206092115
17.3690498254
2.04651345319
6.30236155642
9.94737587355
12.9966243285
0.476708382135
2.62757746074
6.27926956192
9.38619143437
3.6387740144
9.77528967763
6.43273544836
16.2458684894
19.911623375
6.58075075135
1.85806359276
0.648420536858
13.305166117
16.3476292048
12.3313512328
16.1742540232
15.5068220057
2.08987759005
16.3423704381
18.8243381562
11.2514014809
8.13618053476
9.32489336617
1.1842981432
10.4705569922
18.6381209501
6.32674721519
3.70863533914
6.74016394599
15.0586292557
12.7159135233
15.9079830096
8.63427736087
18.5646364436
16.5759194352
11.9592088615
9.63828498021
7.81728239916
9.42133787447
17.7331683716
3.39834508206
11.8960777921
14.4177178697
4.2281497737
6.2738143274
5.09164020156
13.2382357502
14.9341261378
10.4123429359
12.5029017128
4.44497975442
14.0125138055
0.858142361077
0.983553995534
5.62491575951
19.9129895198
5.83608951049
12.0736627328
15.5716403047
0.330799754774
5.73647915958
8.58241334484
18.7171247654
14.3743822876
5.94240739394
8.90957637749
8.21840361325
7.82196994952
5.76151401687
3.32529465393
0.935385796867
18.8866459821
14.0755836752
14.7718783426
19.4373938532
9.11134701352
8.33262351836
0.295210755579
10.6257880525
8.94457533889
18.9274052493
9.92654650031
9.97258111877
11.2474067732
3.5724804697
17.6087585798
15.9247711583
1.76427523958
14.2912294804
14.0820903096
14.8621558049
5.56913916176
8.24603895167
2.91822073806
10.9293903669
6.99489299908
10.0333054278
17.4107278131
2.18838900559
11.5011202849
2.77309648371
2.12025778684
3.8633350468
11.6250973347
7.3370064828
17.2748779089
2.830046003
9.45672822433
12.5224253094
15.5317520571
13.7380944932
14.753873858
17.5039205387
18.1842726279
15.9639779418
18.953238446
5.83168351403
4.91681425149
18.1948070702
14.9784376518
8.75901477128
12.330240042
12.6192951228
6.21055199069
17.8532481224
3.79396865124
16.9768043771
14.2205597053
13.6464560685
2.31511560625
18.0236750739
16.2768801074
10.0489619148
7.38763096657
6.70885317087
19.0557721673
11.6257606096
5.9266548537
5.63082548479
3.68949504461
8.71943841213
10.5084249653
5.94636189147
2.42834127569
9.5913964107
17.0351148483
15.0081357827
16.9047314577
0.218880718983
5.95204473855
13.7079116918
2.9362032908
9.30888109474
19.5470336779
8.37877436597
18.5941087809
12.0265027988
5.87842269158
6.99722901232
14.8217822465
4.87074817524
17.2510180788
4.09490504804
5.64562999278
19.2856613394
8.93807659231
6.41405749589
5.89421590799
7.3745614908
5.74392996645
1.46814130244
19.0314549864
8.2469024955
17.4453516362
18.4038239913
19.2890292063
10.5789012912
6.76554319986
11.8753301642
5.60511223194
12.7950891465
3.85878996084
17.1899633924
5.1910579448
17.7409964956
6.39010715364
2.52761906352
10.0732775885
4.64128947692
1.68927462327
0.530436060125
16.1890382837
13.4561364585
3.11511358335
17.9082540044
7.05658142538
9.465359605
2.96558343889
9.58905418435
5.59060480283
6.37292808544
11.1400880574
18.3420942912
18.4909535336
15.1657462504
15.9781334288
3.68645217711
11.2201549898
11.8951144355
9.48126354248
14.50544927
13.6018268297
12.6951231036
11.8934013653
1.64251372306
10.1718295996
17.3045420671
11.2416258281
8.39193552869
9.5594455122
12.6497385067
6.53592004087
12.377059239
13.5655529373
16.1660308711
16.6509885265
8.64218145958
15.5314543729
16.5920287582
17.0779554452
13.2134195847
11.160833078
18.6517844653
15.1857060708
7.83677384247
12.0656865108
5.53860955543
12.6720811518
6.70651072692
12.382910055
12.1675535408
1.58597867955
5.81260488374
12.8314504114
13.3889159712
13.7055687549
11.4768596775
1.37649876817
13.152419185
5.78113114711
16.676696361
16.5325063765
19.935035707
12.7380255365
17.8820186885
15.1768847738
8.51933071988
17.2306964704
9.15811712426
14.9005144359
11.7685254314
6.70832331908
0.762270388895
8.05984590566
11.868379379
8.76505972236
5.89313100546
10.3056107543
17.8292760476
5.77667728211
8.34847923235
19.127668388
1.71406487412
7.01941217348
18.0403767238
16.5295568898
14.3118867987
7.92435300372
1.23951250821
1.3018666953
6.63799743679
5.49322877953
2.91473895095
12.7638197139
1.82335238955
19.1540992465
15.6279343961
4.4185631354
7.47426775509
8.03280888582
16.9298874885
16.3657059116
5.31167854576
8.57000700506
12.7360507111
18.8493736818
1.92139978936
4.89738197036
3.77858804329
10.1237054566
19.8044550312
9.43024817163
15.9583851229
18.1063458069
14.7570477849
12.5015629863
11.1898507753
7.88566013038
3.66739542756
16.2432798954
13.6499471605
8.41095444809
6.86383123088
18.5746203661
3.65369277927
19.8477146262
9.12107917216
0.796435134073
7.63679157743
13.3772944664
17.5860034817
1.5740236418
12.8030758725
0.980333684103
15.27358145
3.94555781065
5.66119419959
9.38128942002
2.55136532736
3.84659576284
9.02720877205
11.0772839596
0.638835800759
19.3499164416
1.99068458483
1.02396282517
4.01444332249
0.568435185296
9.9446836017
19.5436438105
4.06779616427
0.580725380443
10.8123750053
9.15345293159
4.40393930065
8.43565072879
4.91494545148
7.41624786116
0.795933161693
9.65694157818
15.2187961548
8.89353578814
10.3830348966
6.01716058549
16.8211600269
16.2660415338
4.54890373975
5.71089446139
3.41263739939
11.9731636667
10.9873250449
17.7783615255
19.433108623
3.53108460649
19.4115444013
19.6001075813
4.0519362979
1.68596222077
4.57540732177
8.07244191931
0.472261627377
8.36641200143
9.33968272635
8.03119957779
11.0095592688
19.2991575171
19.9678704297
19.7908314425
6.50585819659
4.86819198646
0.814576059336
1.87648911585
14.1354265388
4.08953894131
11.5700158141
4.32158243656
15.8976462184
19.8566288927
11.1136835594
16.9660984334
3.09626895016
17.3174717361
19.2933207424
0.70474393789
6.93489177243
10.1955167873
4.92504095564
14.8384081856
17.2791914801
12.0260233384
18.9686028556
4.02619115328
12.9055101022
7.10193847291
16.1038108416
3.99691405482
12.6883686706
8.73728072881
2.69116756014
7.64867546381
14.3750831895
9.5152511746
9.81243576414
7.50723107584
18.0033287759
6.8527241694
9.52995882059
8.62429498432
8.88870203564
0.383821845232
6.73287442872
5.66617933052
10.2766611113
8.88919477988
14.9241752426
17.2361641708
16.7618919308
1.67091714139
3.97409869274
4.97126611122
0.555355606892
11.4707034153
3.40965238346
3.43560229805
11.2220678893
17.2675521452
12.2445214928
1.92588279636
5.36345845
5.78777338785
16.3966785072
14.5040914
4.78640604208
18.3254446389
12.3686438897
0.586249676584
7.19569899048
11.6122355649
4.23076751575
18.8545198495
9.30058091427
7.64176851002
12.1369805872
6.88236267913
12.1632128046
2.30534391109
11.544530035
18.5170734573
8.99158552535
4.03492265825
7.133026055
15.3870464764
17.5937579738
0.306371023947
5.50258424953
19.8350821829
7.25930139705
15.8052273411
18.908037973
10.4918463108
10.9637277988
18.6970102654
11.0886296867
15.5026706915
18.4358341176
18.2002722897
14.0884393492
9.54273806825
13.0947857145
2.91966396607
18.0690225406
5.93808552317
6.92757675342
5.23702633221
1.52891252661
3.95778701099
1.80415212223
14.9494622721
14.8142482388
7.69122777172
17.0347016548
17.2242739962
8.42940170426
5.60584879384
6.13982592841
4.32252283597
13.8754662381
18.9427554462
19.8801372965
15.4061468766
11.8511214318
17.6420482081
18.5790317576
17.2169454588
2.28885403587
6.92031415844
1.22872450181
1.23735897779
14.7451864572
16.919966577
4.2582877261
9.88612785976
19.2642850643
7.7649221465
0.577780333112
18.8032865446
17.9157957697
15.3971962122
11.2220536129
4.99710487093
13.9601369269
18.7328476535
7.16801998846
5.61990738647
11.484103341
2.41556880756
10.2416345799
18.9358431508
18.0213475631
16.617865706
17.0658034609
5.27826222222
15.6963605738
11.9117483699
17.8210445807
19.1560269869
4.6163948255
0.601665126327
2.98713353151
11.3253828542
11.0406809547
18.4907590871
12.8965363311
7.45884728708
1.76309497182
14.5245626286
0.28456343825
12.9226419523
10.9393726334
1.73498220652
3.05784848621
4.95259191444
11.1619671776
12.5204053618
6.89597312373
5.27074730953
14.3857020058
9.58594957215
11.9531314632
14.0856301096
17.9881511579
13.0796225913
12.6959319091
12.007487341
19.5227413401
4.52016799257
0.845456973209
14.2874558342
1.55419834221
12.6252248806
7.171736406
8.13325267869
3.58711368607
11.7520903817
4.3186345045
18.4215095888
2.9307562375
13.4627406322
0.591058610602
16.6310884036
12.468445367
10.0326337936
13.8152697665
13.4013358548
5.1789976877
3.80034617359
15.4475496431
7.27135742633
15.562639446
8.06218219381
9.81808238077
6.69385900534
7.26524019806
12.3478673946
16.7843456301
12.2822094631
13.1243052172
15.6559065616
2.88338938839
17.0235234513
17.8238812192
3.85968035485
14.1666787818
11.3580404365
17.3387105227
11.1513014498
13.3912529022
2.85701538575
10.1916247732
7.70557927863
4.70871124023
16.4773446532
13.0906950367
16.6625390488
3.25736311034
10.0558349387
4.06125895065
6.46913666849
3.79377915844
0.390852805987
12.9922404455
17.3958650945
5.99093026313
14.3680811316
14.9157018514
5.64748870444
9.63430440956
7.9437357922
0.684163598281
10.9693132328
12.0870910862
12.5951129397
3.57784628137
4.66911975276
2.98137950415
10.2681373609
11.6671807161
6.70928296546
6.07558646649
18.4868125256
1.93257606478
6.13133693698
19.5859576183
13.1825313362
14.807480431
17.6528196824
14.4790481512
1.42929290075
3.18477331566
15.3822178195
11.6115201598
3.59191187198
14.4725676686
11.5671117706
2.29559544961
12.5807991866
19.3325400046
3.23529609339
4.15205699086
12.1992278296
2.07037849633
18.1074320279
0.587976145403
15.7699431428
10.6077667131
19.1649157503
11.3215507315
12.1738986092
7.53798993075
10.3929473712
3.42940504018
6.38877101937
16.2395506075
10.7592864088
11.5749315137
8.09555304373
8.05688311524
16.1227047176
18.6707093726
