6.74492868343
12.9936576286
8.65586302773
12.9227224066
12.3700220166
19.91602446
1.99539798614
8.47052130703
4.7689494481
10.7170165348
5.47076950716
7.50354290469
18.7328803146
7.4155897087
1.82805558044
5.81595602995
13.2149441763
17.5502731494
0.965298345857
15.9224436737
11.3456377549
7.25191552206
2.07627877008
1.99923717814
10.5281421684
7.74547959344
14.3493603756
15.3781512036
13.373900448
14.0357736651
13.5852663912
4.51499246018
10.9556487889
12.1368939102
18.3238096725
19.0319952944
4.34538171477
16.4014548872
0.354688097861
10.8767870855
18.6864263592
6.97502184034
17.1298314206
7.54109278975
15.4700898061
18.6185158309
10.6043328346
6.56401733735
8.33774098556
15.6075456152
6.09355944722
17.4384682483
5.97180906131
5.93120649236
11.2733464987
17.6569186958
18.9650921876
5.32496144986
11.6036572852
19.7092488796
17.4711707528
15.9352772033
10.2357109745
6.34453608101
10.8867772641
4.79073527805
17.8763952897
3.49721856905
16.9096375286
5.26989287322
12.7708924357
8.81017191139
16.232620292
19.3153909943
16.3517764472
12.706683976
1.14528236455
1.67795828143
6.96409570324
19.6113478237
12.918344355
8.17320498285
10.8412429999
15.0479795292
5.43756324709
10.013264884
1.19592332702
11.2590662911
6.45081547473
11.7747580883
1.38545260356
14.3047791587
17.872542543
0.774015966082
18.550945155
12.9612017598
10.4824903004
7.32002463206
8.26321014164
2.75694629045
10.9533397564
17.1287002973
16.2964082376
15.131761727
10.7902073435
4.84593860921
10.6509192538
12.6727804994
12.5482503532
9.49648586798
16.1222570491
10.2324707169
7.18553550049
2.44424260363
16.6248324744
3.36743872819
10.849043685
4.74947144478
17.4773902
18.8559246235
16.0662502683
8.49206963031
16.6446281644
19.8350699442
4.2653490763
0.366479867338
11.4254259131
6.66169924231
4.38206789361
6.10557370825
15.6266012418
10.2118847682
2.20759727221
11.3833362032
15.2385150333
11.3345222224
16.7654566597
2.9143368059
16.567086073
16.6725275437
9.88871157758
8.43564002488
10.1425044912
2.92732915431
7.5912746405
9.46608243671
2.71182744249
10.9590721631
15.3634839402
12.4737491412
12.0610522372
7.59196541426
4.32565110684
19.9396319728
1.47242600827
4.86169244048
14.6468332629
2.02179894497
6.95241284918
13.1057257979
13.2378270282
13.0373093667
19.1466783216
3.77024603328
6.87639383627
12.7120800761
3.01467603125
11.1348490732
2.26359822563
0.800191067403
3.19803980882
4.99753287968
0.3774630751
18.5350215567
18.3657711368
9.42666704532
7.33385257787
9.03229319866
10.4656726192
9.24296346257
7.59404863185
16.3148808292
4.32986944332
6.76378336511
6.89525058111
10.6212833204
13.6843728014
11.2150366371
13.8929439483
6.70265859574
2.85731352051
15.593546039
7.69388046531
19.7193023504
10.8402868906
11.7709213971
10.2033755915
5.36360539071
17.0442156312
12.1520112395
8.03818451762
2.11721192596
1.19404963877
11.3983772807
19.5062566548
14.3370951292
12.8212117326
9.26927959138
14.2577986755
9.5341485247
6.31809703648
18.8383391198
17.2732953478
11.111843877
8.0652575612
15.5271482485
8.05652088454
16.2940249776
11.1868209509
10.2970962281
4.83693629693
18.1606235193
9.19105285325
14.2767757117
7.72275019122
2.53087136442
13.6939260716
3.14902672781
10.3315627349
16.6454071553
1.35084660362
6.65597968847
6.01616253761
6.70878189223
16.1519902868
15.7730925344
11.0392632235
5.7082962322
11.777136054
2.8624544667
17.5107418464
0.528851750943
5.77356110014
17.5839154201
9.03138706606
7.0137573319
7.53112023935
5.91010752776
14.1886381079
8.41728506585
19.4961909349
11.6355036567
11.9664694892
2.11407092453
8.10948472327
9.94171208665
7.77852563053
5.60036480765
14.8090792966
15.5901481153
4.14058860547
7.78243691095
17.5072686708
19.7974795275
11.2292406332
0.694765913878
17.7257899163
6.42062388769
18.8842192669
11.2528495166
10.4935734241
14.0389230918
16.6042347191
19.7160850131
7.54987439289
13.9487644231
0.664248721002
19.3659084719
9.4913876811
10.7504893021
13.8705961366
10.2620923444
17.7083507837
8.83806491955
16.6886468159
9.95605296764
9.97488289748
1.53662660433
6.6497573917
14.054451991
13.8786625752
15.5263973077
3.60900538791
12.5742956866
14.3517093756
9.40727936053
2.18636876065
11.8769283441
2.94767261613
5.84470314046
17.9105455711
14.8601781546
18.9333525269
19.8819734748
2.76987706495
16.5075686831
9.15469347874
19.6763003158
15.9358446596
11.4199604177
6.78722331612
14.5367650291
14.3306436699
9.2712951613
13.0938107084
3.71449453279
15.579404445
14.2598334425
7.56426833299
1.51245444188
19.093091777
11.0474342138
16.3163192452
15.3561731082
7.39601485195
10.9095150525
2.38858097614
0.579735261883
14.7475012348
7.51281422746
2.93738890059
7.84059739048
18.800790364
15.0563679036
3.02508207876
15.0616251714
13.4249012376
13.2353921015
1.74200818162
18.8604485824
3.72907496525
7.9788812076
2.02665400048
17.4784134007
15.4071836858
7.154255295
5.31613959062
4.59385690246
6.89573136177
9.12709098451
17.5096315634
9.31036878973
15.3540534323
11.1168439505
14.920623898
10.9116229293
4.3341600047
8.30636500609
7.64348256663
2.25656233855
12.1450329876
5.03041058395
17.9717388995
0.248000605808
0.686781997131
16.9692402716
14.1180066175
4.3504852972
3.63666832642
19.5723866987
8.32825484123
8.99594529773
0.457267848541
19.8919990291
6.27101106779
5.25498410281
10.0272452629
3.25340647957
18.7843463989
19.0772747661
11.165654681
6.43570468957
6.77809766762
14.2148859773
0.356880283866
4.08559322688
15.6652295158
7.78756520795
12.8755102362
1.22410436783
5.63276196134
5.94832233242
2.1979954192
14.7680295125
15.188297433
17.4930286338
4.17162082128
7.20390582619
1.0305409687
18.5118702493
13.9392846774
19.8777696252
14.8488456664
19.2766578461
3.84300009802
13.201476962
8.97116195284
5.18431502287
16.4717027559
2.34729611627
17.4014616658
7.953941452
4.04246373752
1.00646853488
17.2319061625
5.88946015343
8.75424728041
12.5730301634
9.55020482558
7.83403550237
10.4715672003
1.25938949792
5.86665336675
10.9849488596
5.21219815819
2.55812981422
3.80299539263
8.81485081744
15.9808280486
12.792195497
13.4484832565
16.2033315922
1.73848321454
9.87153049917
1.56606326841
17.0681602155
7.22808811747
10.2799033132
18.3854988678
17.4024131266
2.27308705355
8.10641565998
3.21186500248
0.582211945609
10.2602674665
0.885704308376
0.722113434717
12.337245844
17.7671276251
17.1759571085
8.36023242267
14.8484902999
12.1641637835
7.50568489164
16.874130745
6.0370119802
1.81753811416
1.18108953074
16.2562892746
2.71666586407
13.1826479834
16.3743099099
7.58162875563
14.1029516796
5.63806036998
10.9621323443
17.334810056
0.358528893001
9.19654401127
10.628117676
8.81093414129
13.568664433
10.9860354418
12.3955862095
15.3379202871
7.92708199296
12.9673065124
8.3053319025
10.807698163
18.0022190799
3.70176241866
11.6480355884
5.4416736269
6.98251093165
2.32856877021
6.02532977367
11.1694149698
3.17498181527
9.15910244567
3.44966006243
14.4444810117
17.9551083423
11.7480634441
4.77467501965
5.20291369204
12.5608101285
4.42357497722
0.356210946652
8.92262460054
6.33590058183
11.6220533562
2.37689871874
17.1170048164
15.3818737107
19.1651230091
5.14542977962
5.43031644056
5.23672089282
13.9290987266
0.316690998251
11.3452546971
13.1712095028
3.18911669553
17.8871973301
18.5641813775
6.49751354986
11.1906159069
8.91888750597
1.0722326385
10.7249407962
8.48684253514
9.68879664015
16.9696178048
18.1547437064
7.75925987013
8.59071035046
11.092156959
5.13530949664
17.4919329752
12.9044312913
14.3913190812
19.5851516018
6.06336440755
3.43107019999
1.96550332438
3.11332239755
9.57720313769
13.4890414117
4.41557832006
1.01677733967
11.7751127112
4.16267304911
13.1363926011
17.4207084003
14.2146722201
7.14650234859
0.212806706035
4.82846555034
19.6724315138
9.11747834223
2.05986049324
4.05593520784
13.8067804645
15.2176832892
19.0353057354
15.046823174
16.0204117941
3.76672680828
9.85926498743
17.4727608206
10.3466265617
0.844438433539
9.97624641817
5.66921851334
3.05950616427
17.4409311844
2.98716366945
12.4710653553
3.55229170557
0.777710741162
17.9452659762
8.83154591488
14.3463116168
1.29613906735
10.3864293228
11.2346279236
1.87585749144
14.5656381993
5.02240078814
10.9658481517
12.5771839223
8.23259904851
1.67606345579
11.3042071265
7.80028078576
0.254572328545
10.5198801794
0.537398890291
17.3974010836
9.40257061107
17.8032794902
9.47421459046
13.9591121795
8.57352005693
16.5311842749
5.38971685697
19.8029694425
13.1077386387
12.2817363817
12.5019748105
18.6251052271
7.87171851476
3.11848821731
8.78299339774
7.97759741886
15.3797481263
8.2705048961
0.941134096574
4.86262655645
8.72046027051
16.7793259558
16.4675967533
13.5951590622
1.57434622648
8.80243464901
3.93827110768
11.3166064141
12.6844055928
4.24542186473
12.1937638754
19.4298024421
0.543067054708
7.34549075852
7.06507475952
1.71834878987
15.4740719312
19.6291767892
8.70679652057
9.1347280079
13.2042087188
4.62056286514
13.2147333551
2.62273130249
4.41760931545
18.0425723674
16.4580784449
13.125431252
1.42053490373
18.8612750588
3.02289055521
5.12074343488
9.01878696699
15.3674149516
9.47417275772
15.7253138182
2.90496336594
2.97338550852
3.49320245695
16.2609725284
8.29979336225
15.9549618125
6.3945529842
9.45915902335
1.57079388345
13.1858833567
4.69645141218
6.02523274811
18.7094368254
0.773207310613
19.7208137369
2.21103711438
11.7920173067
13.8151144512
8.23385927162
9.51233824395
14.4097982626
3.08983226684
6.98599739646
11.7456031454
11.4919652348
4.74662029786
12.3907520459
4.48571179733
0.803688177823
6.64772946979
12.93336044
19.6677544366
6.02280303236
18.995486435
12.3761307795
14.8364371183
10.1862018429
14.9773152534
16.3290092795
12.9962278944
14.941887257
10.01944404
5.41728154544
7.61286645092
8.27566269378
9.83289810912
13.8934033028
11.0201592386
19.0179188074
9.46879643656
12.8998209699
0.894099943383
1.64305912056
13.1140784019
9.31158210306
10.9144772338
11.3820393582
13.1507321075
19.7166608178
11.6013451124
6.40367319959
6.18875401981
6.58752560444
12.977555203
16.1584550026
14.305147764
11.6919689172
3.32949159322
13.646108171
6.43717857914
13.0495636897
5.05609439748
15.9263689375
10.5015349212
8.44345808704
16.3823397928
10.2710294196
3.79102972141
14.6003562286
9.51866066965
14.4671141328
4.09672100746
15.6532652436
16.3088354261
1.93521364091
7.43531364939
0.282359655745
7.7402137658
19.5381845256
17.9562746574
4.10982392824
18.0114300011
2.26380644898
8.8821815175
19.2080900611
12.2761249115
17.2757036939
4.12473332771
2.59735443713
6.92294297738
6.72560667202
1.6199417305
8.18883711758
5.81140458497
9.31723026016
6.29343432411
5.52076716247
11.2671730774
1.62220999574
16.7968162531
9.26917685839
18.8913146561
5.65757244419
18.4956279647
2.53235268785
16.1960216541
1.44254877576
4.47725362451
4.36665114172
2.29991333741
8.41537465066
9.03868139447
7.82805490272
7.19544903044
10.0845151224
2.1627454744
0.410558053381
3.3789027845
1.02994095806
10.4781227366
13.0400631284
18.2517616679
10.4666271135
4.97468541093
13.3561215645
19.9684891913
7.63669217119
17.8396820287
12.000598125
4.68671747147
8.77337906147
19.7295399396
17.209091358
7.72673412818
19.5905674376
6.39243743215
11.4810420465
16.6891170597
8.13587650308
17.7789753928
10.6231551709
11.2598710491
5.4462485147
12.5915391336
12.1394931384
6.38633269652
16.7875349502
19.7728844501
0.520564900832
12.9632685306
0.302709249215
15.8092529156
8.98844857137
7.90093385714
16.636852377
17.4044326097
12.3926725149
9.26474570013
8.44934175125
9.90711172113
15.638638212
18.1701200652
4.13037526408
9.33836404105
18.1181586275
14.8588808304
10.2108741406
5.37056342623
19.933724152
9.56487597303
16.2641231291
10.7199111317
1.13030426314
19.5431600108
1.2394630878
16.2530222586
5.36903460754
5.66869564088
10.0213100274
17.5897862853
7.91292008757
11.9682220285
5.3461891064
14.6549015608
3.62530109985
9.65263062892
11.2776110465
14.0596806065
11.9799330126
1.44650743582
4.8054029659
14.2928886813
13.5405187298
9.58403257129
8.47318635884
6.55563857918
11.3887523931
9.08317095727
0.618190766024
3.78259155317
19.1699505444
15.5711875865
19.3227730668
5.68147304627
14.9045995704
2.44967565942
1.10244323201
3.67765058268
16.3929928119
19.7215044602
17.1169356575
6.00636151464
8.19197214641
15.353285056
15.6696633558
5.26668374345
0.908679958121
18.5770013981
5.39620602009
1.28981840128
11.5077647405
19.8710194169
0.879789966596
16.2074114883
18.2590208972
16.6021554553
9.40986629042
17.871537917
6.36200579998
12.306741299
1.98089673433
2.99871510838
10.5908882013
8.85062332115
14.75190877
10.5435509026
5.99837060232
14.3115501532
10.6991903184
6.00772851295
13.6560053304
15.0933744964
9.36094787528
15.646129531
17.7096998734
2.01323838162
10.6454209661
16.0641503072
2.48314242758
6.84939710475
4.19920252124
7.95845116428
8.09155437034
10.048272566
0.588977533371
0.844446474864
3.7392662894
8.92554955702
2.61781908217
2.8555436619
19.1252552977
10.7701035391
16.3383076988
8.39923821547
4.52035839743
18.7515359417
7.47724860669
4.37323527153
15.6369094625
9.803577813
13.7339332073
14.8577008789
13.3093931523
18.778714361
11.8900175169
12.481136473
12.7618786884
12.7167172436
10.6180889682
11.5152200752
1.75797982215
3.80038277229
8.51006374026
5.57828074481
2.67601551272
8.78863796674
1.48879309993
14.2997686825
14.8747715812
17.1370050358
9.80050995566
17.9605681937
2.11677693192
3.09842121587
18.7244043095
6.77329044108
5.99116287321
4.84664398737
4.35301827306
16.7087543802
5.5727715511
12.1107226679
5.55741439455
8.41853349232
14.4687544805
15.6341667842
17.467779914
9.15770243716
10.1643352691
12.3016657813
10.0665076527
17.9616334566
13.6225713558
10.4736481544
2.89701572501
0.61483725531
13.7887747849
9.20507830728
2.85680779182
0.545466997311
7.73624121928
7.69582470414
6.63142216382
15.653584204
5.59351236057
18.4636806613
5.00413397552
7.3339875341
2.52570166274
3.24950290133
10.3934713283
8.53731090377
6.77514464222
19.8772088052
9.41048434988
8.453880916
11.5421750674
19.1195395608
5.74468553079
16.3932556237
18.3937956777
11.3074289329
1.52986828598
16.2499836363
14.2164334872
11.047575042
14.6731212656
5.82141395065
2.34731135267
2.18372870272
10.1337607026
11.7715062829
6.64319335321
15.9040706126
19.8945869835
12.4904192152
2.61434694019
4.92421664856
8.40254342091
15.9911239778
5.20430025873
6.60959781095
11.5573878266
8.43972572805
11.8510970359
14.5992637472
7.03344417227
0.361244053685
9.17840647426
18.9971410943
17.0606943925
3.50752939704
6.04248181373
2.80531505996
16.2798547245
13.490587273
1.77798300209
16.9945488872
13.9797558844
16.6253214943
18.549029735
18.4974676259
1.93115643816
16.8828142555
18.9597519812
13.0558343441
18.0699207701
12.3992837717
18.5166328866
0.267110533178
17.1160636105
9.37879416527
18.5505747657
13.5605696279
0.799483902575
2.565861823
1.04629494715
19.3101697236
17.7969368748
18.887214852
14.9971222796
15.8933322306
8.88953344725
6.01295622164
3.60466252196
7.87019967158
19.3642335849
18.0751869876
11.4326695689
9.51313894
12.4849580584
1.67796761165
6.38909188875
9.27936890263
7.17455989989
15.1347303843
8.93988126142
10.2315484963
10.9563574162
3.22182169787
2.73519370233
4.27184985352
18.0480141144
6.20876766826
2.76957402249
11.3484719949
17.2827137392
16.1834638876
0.241689401564
18.6373383255
8.21182716023
13.0360998076
9.87747402458
11.759242213
18.0318297763
2.77756536731
15.3250991179
7.07148284808
7.81396984925
11.737745527
10.8343756439
9.92748498101
14.3832790857
8.49499002621
2.81962054941
1.40185750081
12.6540941227
5.4230632959
12.9403806555
5.65143295299
7.58392493268
12.2810696476
9.58112316602
11.3101019869
15.1520245242
19.475371983
16.5014664941
19.2642451926
18.7152922578
4.78249188097
4.59487832126
15.963973408
3.2515130032
13.8333917338
11.4830132615
9.56151497056
10.8453730911
1.7186889673
18.6998681217
4.12152770352
10.6696849496
13.577603037
11.8725337311
3.46839475481
18.6748454051
11.5387513406
9.56696621443
2.50441823016
4.73340435001
4.42375951507
7.06641601173
19.3226202896
3.27272983384
11.4488036931
13.1354279537
8.47457358511
12.1150054549
1.26408707574
0.745673932167
8.65952087996
3.77806943128
12.0505314945
1.16967707281
11.7046822193
0.938472965217
16.8993258619
8.00203879407
12.236760231
9.55718756962
14.3495808445
4.71972445252
11.4325146254
12.3376458898
2.47216144795
8.66906790123
8.06328744519
13.1323084543
10.4289899435
19.1456810396
8.63443636746
4.13346123657
11.3767294048
11.2861891214
4.23369097141
1.3004037899
18.0645002664
0.554944282753
19.0452806073
7.41182545883
19.390550631
14.3873125013
8.51823545428
5.30592342331
0.48232130618
16.6294011851
2.2461242162
13.3078938628
14.5117293477
17.6821220859
15.5064717869
1.51877704798
14.238516523
8.03832830636
0.650029395939
0.705083628636
1.59829715771
11.2025070826
1.59225474314
19.4039803403
11.4160378267
1.55476775786
7.0159968371
11.2828075679
7.43653068016
13.6954704625
13.2497438518
17.6241693262
9.22000020923
12.5304671664
5.45719696925
4.30089731354
9.66557771683
19.8793632537
3.9623788601
14.7689067527
18.2292081386
14.8652849236
13.5718450854
15.9390361911
10.9730186851
11.4969690251
18.7952079679
9.55541593216
16.8804041193
15.8393398473
13.5111969276
14.4419908436
7.7736021212
2.94533371676
10.6415562689
2.07357979221
13.9873887369
19.2695170183
12.6701960221
10.7560952988
3.95985224801
18.2280959941
17.4798626347
10.9643536607
12.5362215505
17.4043235502
1.91781187981
18.2576608592
6.32192862849
12.5550500848
7.16850854261
15.6946996065
1.07117231646
11.8140555531
2.52184110297
18.35816857
4.09761865336
5.09411217201
8.94308271882
13.491931531
8.02182580448
1.25609972843
16.9842212764
16.7828346755
6.46827056194
11.8928889888
19.6379168741
6.78280737208
11.8250216576
1.3371417897
16.4442646886
2.53903180079
12.2677351246
6.47372328283
11.8193963253
4.17237745151
16.2414434841
0.458150187536
19.6653897305
13.6331409486
18.7341522268
5.14507901885
13.0662363213
8.83273746946
17.1674577277
6.13104793802
1.12758767392
7.81500953123
6.78376651834
19.9257616868
6.18716459399
7.69861354953
10.9324439352
10.094852971
12.7754721996
9.63365093654
15.2379601338
19.9534296728
13.4943181661
3.68922134146
6.34190489709
13.5921022542
4.55755472098
1.751258582
3.89077108542
16.6616631599
15.5524728189
12.7941065913
3.68207580805
3.65857017889
13.8550590018
19.8420869019
17.4254413267
15.4706604827
8.23473845177
3.24522171233
10.053869464
8.77592487002
10.6004949611
19.0086183404
19.1228233544
11.9900422584
19.2982534993
17.4529539165
2.60891501767
11.5666036562
6.49882460861
16.1308119407
17.1586863581
6.99756320576
1.90085727794
3.2824058418
6.31411033125
15.7785385088
19.8054700419
1.84007578904
6.41799316317
14.5485472151
12.0715744421
1.36635650589
2.18306576444
19.1206962562
16.5530866889
10.3298306022
2.5143824429
17.067989296
16.881240323
19.5065834838
6.88877662757
14.212958012
15.367534858
3.31077737567
4.46985477012
5.50051094454
7.37397515842
7.56124599862
8.39154148645
1.64265640544
13.4537261462
9.9268177903
12.149486402
10.0648760969
4.28717363142
5.59917815052
19.9182761898
11.7159681363
7.1918812056
13.4612970903
9.84340454004
9.82603035942
16.5513573556
4.22216480126
9.72071331755
9.84098881039
17.8633028178
3.9338817169
17.2559573278
18.3938858524
4.79509152007
4.30561224371
13.4191377329
17.715421038
2.25689332797
18.9955542505
15.9784129112
3.92809990386
4.88054049832
0.969320310306
6.46937215536
12.8676005219
13.2482531932
4.62714765321
18.7273348002
11.3943705708
3.56527846107
11.3781900086
8.39144499587
9.7865568629
0.500339437382
16.7274540791
12.4747023474
11.2157778531
15.7837236837
1.5053113602
8.82281485628
0.285170375845
16.9224908948
9.73374761188
19.0273546272
10.7382597461
9.79817289203
18.1116394166
2.54385224614
1.6525279319
5.46441889526
8.39980767481
4.21688737094
2.32850107366
2.08039096242
6.00014113605
16.9695001551
13.7782984402
2.10614594316
2.67398990225
0.58378699961
17.148448841
3.5673185029
19.6189168113
6.80955796254
16.444407951
0.605047562907
8.97508348391
7.31390943779
12.499530227
17.158884816
5.0752228715
7.07916333144
17.5336938238
8.71510260689
19.1947355002
11.1887424832
10.2378252388
0.597142410672
15.096918929
11.4250774027
9.39070275832
4.2176127903
6.21385655425
6.1549926407
4.56549103733
13.0257116016
11.5064171916
12.5658862716
2.59250440247
13.6664766164
14.5156733763
4.63937498048
9.19843950114
9.16099926721
1.45938983186
2.50418523638
12.5839409164
7.38154451922
15.0700041477
7.06339549006
15.3182815124
16.2632491285
16.2163712842
4.46319114725
1.61016957593
12.5189503319
13.1156212151
5.29221409937
13.396078847
17.5866078082
17.4659398303
7.98475850704
18.1681648026
13.3792957473
12.7134101529
19.6717820469
17.9535487891
16.0420028219
8.10237587141
15.214205634
17.9781273694
15.2572504833
19.7024187541
13.4425804131
7.80594977262
16.3436294415
15.762631085
14.5592579362
7.37956519268
18.2448692745
17.0361104203
15.6832949951
15.1905341433
15.6591620775
10.25158829
14.854806969
10.2546741656
15.5675635239
4.31468859821
16.9449854657
18.6442028613
13.6323317671
18.5897336455
1.01380822988
1.51802025496
2.23024997453
17.1215862714
5.57864742702
13.2383444075
10.9791697922
16.9531497972
9.03238243595
2.74242422618
12.5927974908
0.289579386144
7.39516719852
15.9384376542
13.2448217069
10.6345141248
4.22697674094
3.10253386362
19.4277303976
1.88152371467
5.05172829638
7.26395053309
18.5021806187
10.5960781004
17.6353198729
15.7004107025
9.49197851682
7.80617542059
4.44484251965
6.41741380094
3.63366667283
8.16481874612
16.3168368817
16.9110791802
8.50891976354
8.52732158141
0.953823426276
6.24905518105
2.8700760059
12.8133223044
3.04483308131
8.37812060741
8.48511176558
18.0687079353
10.3842631275
17.1859313512
12.9278370419
8.04132899303
9.57350836893
5.04343695031
17.7804347626
4.34143282715
2.15154666118
17.5905108391
16.654785286
16.8041450536
3.4453880006
8.66174862167
16.6856489466
7.37490130011
9.75800592899
14.1306216898
4.45526649711
1.57798535523
14.0021113086
14.696763284
19.7074641884
16.6186213425
4.33466257272
9.54222381107
13.6819205426
17.9915570778
8.66768537017
4.79009422349
9.85672311266
18.5402848082
8.87285186187
14.8593839594
1.95036996343
10.5492849076
8.15567746912
6.76061822412
0.475236877428
9.1981176885
4.84153268736
2.04260561929
6.16438796127
7.15737453893
0.46348227707
5.44070348874
4.08196996455
13.1828634337
7.65858180081
13.5042162106
14.7511598238
17.9095691704
0.486821369848
1.00772314257
6.59365427582
13.5614680286
1.43792718584
12.6013283443
9.06599305781
13.8285234187
17.3437147228
10.2754140378
16.3717145495
16.3205644133
11.380731634
7.91208460257
5.80422247369
11.3402688235
4.90174600199
0.433556514573
0.546889469496
9.16687984504
17.7299081106
13.4973329265
0.632043810783
5.28849300111
6.51401735885
12.8368804444
16.6494089854
3.88168673704
17.0568440098
3.58935525288
4.31062471245
18.9876250222
12.1607396915
1.04862264314
10.7991989969
1.70655633137
17.4719032465
10.5334659073
14.6492709909
15.75229961
16.1640792971
18.9025127802
14.5497261778
2.52775925792
10.7059842365
13.6690102423
14.513544442
15.0203287509
14.5111202485
16.3856358102
6.36562423095
16.8477009123
4.45362073416
6.39966376428
7.44513335323
15.2683950593
11.6817599918
7.42138838714
0.660232570044
1.4553873039
0.517108358547
16.3696233256
12.7436806218
15.3435538906
18.0433415917
8.21064866912
12.8833130986
16.141657504
17.259543395
5.2489649431
17.494728299
9.2331118135
19.261820843
18.7805858522
7.75279164056
3.20933945397
17.9122859929
8.44190228836
13.6452727488
13.6817941444
3.71035149806
5.95228469708
0.527845545123
14.0364720027
10.4415990089
17.4562948063
8.27723128293
15.5556961864
1.77039287184
13.4915696694
11.1351242341
15.8300406087
16.2005525197
1.04826712098
10.8640224365
14.7231521936
8.58870105835
17.4908948993
6.1541037766
12.2250457921
4.18961360566
0.613259093375
10.5068892014
15.9272956071
11.4915808132
11.4893105806
0.460384735889
8.45137358833
11.5065507973
16.7038148732
4.40351999546
11.5699544114
11.2611884141
14.2008012647
1.68444251025
7.43111280554
1.81135116669
1.30319913836
17.2243860577
0.351550199879
16.2143181058
10.4121350769
1.64244837021
17.8633789609
15.0756831517
15.4948638268
0.271749931605
2.44037031662
16.296957883
16.2244159231
3.0659896203
16.6316328164
7.42461920325
18.0998569759
17.7846622205
5.45016954029
16.5946531489
5.81543223454
0.620174075679
1.67315306364
3.53919728349
2.13055506629
3.94992366641
11.7052041698
8.48619439343
19.8678448506
6.2063167765
16.2150860999
16.1295958982
19.4894809542
12.0659466121
8.08977148351
11.1470004032
15.9178152189
4.94348668991
4.1795643824
2.40643830256
4.17416096108
10.1970487017
13.1100620587
5.43811613927
9.49207630238
4.40607436438
3.86784651015
15.1335081364
1.60315662007
15.4288309366
9.33706318193
3.54878046133
12.8153628602
12.2468237266
10.2091064607
16.7354419875
12.5488716861
19.7406271537
17.1054252095
3.68589049888
7.46991124752
15.5935604552
14.6797231192
0.255937980615
19.864246643
15.9731716451
6.73315253862
3.69875453401
17.7931871425
9.9811141617
13.001715493
15.5149990654
19.9748441347
14.6005663888
18.4881847074
9.90477299725
14.617501417
3.71866917713
1.69568919677
17.8235788647
12.248684035
11.3272920884
11.5700883396
6.5002330916
0.405087813465
5.07950157368
1.90647461744
10.7330747257
19.4044523467
2.62916770042
18.4809869844
1.97598475172
5.05138843354
16.594901253
2.65385045243
16.4658330235
15.9548192042
9.89063488682
13.8164087285
15.0933949211
17.720488945
16.7627921661
14.7269410069
1.24274371099
1.71536114108
16.2087917504
6.97861565752
13.3972310096
2.14453225161
5.84092966148
11.7690516899
8.51739972106
16.0300671809
15.1310787627
18.3417454058
17.6751823374
10.2303216917
4.9907943029
16.1227372866
10.1184098968
10.7625363127
6.05998576182
19.5693600702
13.5671493786
19.7040274752
17.2206325017
15.5582548182
15.340191937
3.21026136836
14.8384481804
17.6805679359
1.10954554923
3.48352784055
19.15441798
12.4011295012
18.7895232539
3.26523700223
4.35884982932
6.46045293347
8.31345145113
3.69338991977
4.13916179158
5.2192764235
13.1802106296
15.2487200828
13.9760553034
18.1255329693
19.7988788992
16.9705367388
1.881453527
14.9761551444
9.26081685472
1.75572618353
19.1691554686
0.214657504927
18.7183233241
9.06977858095
12.6482509562
1.05827966024
14.1976420283
9.85210446795
16.1996181405
7.725621474
16.0325347557
3.3944067921
18.6970096953
11.9680764209
2.62577924848
4.75980523126
7.4542117898
0.807483953732
19.388178352
13.7833420319
5.84410298544
2.94479155384
14.2839066488
18.1926169749
1.54905409957
9.5540114554
10.7629183882
13.5640074521
19.331416691
0.762515452861
16.1516666646
7.75018722066
13.0648167464
18.0206575078
11.5074113958
16.3485169349
4.56674083589
9.74239463824
17.7240542191
11.555476348
3.99705594375
11.6317471796
10.2792161358
8.19925457331
10.9056936547
14.2580959307
12.6592554571
15.3720098053
18.0249194383
8.7968095496
13.4982097182
7.30306927027
5.5938610864
6.1206735406
1.55162269177
8.93999172927
10.2434198808
9.24353581215
16.3949197513
1.31523656849
6.96379779667
12.4820606486
14.7813045303
5.05083159631
3.8901909937
9.59088624814
3.33321217147
4.34629209113
1.68485632665
3.27679837961
19.6664648331
16.6101619509
1.24194094091
14.0620735324
19.3184274388
1.61622351942
8.74928711097
3.54973163019
15.4384482457
11.6380730985
0.958692044282
3.54563726705
17.748253355
14.6546269597
13.3825199873
13.017439231
11.0638944359
15.2092768774
15.3761216326
6.31073269958
8.66412912842
0.630462609662
13.4310940773
1.9767342843
0.52080123979
2.15040583534
17.6088941363
4.69884448326
8.11555125515
18.2151881149
7.76681245488
8.74363595677
16.0970409719
3.38486817885
4.84027643128
18.1022414505
10.4658397447
0.695842252226
16.4695558314
3.00074030239
1.71316140493
9.91886997378
2.11509100087
17.291696909
10.3330898281
1.57520988453
17.8301405027
3.84188492769
2.88906267312
1.21097165201
7.94435828663
11.7728084337
5.94412883179
16.3031519283
11.0690158255
5.95689588427
1.78600514507
18.4915924586
6.70428854068
16.9776203635
15.4792678805
7.82656976129
14.7924068292
16.9510141039
10.2815615465
1.03419533031
0.968836590277
18.376519984
17.2834448462
1.26994878633
14.337136919
15.4264769556
11.3087953064
9.40028768888
17.20477
17.3998102543
6.4879265733
16.8875735704
12.5127906147
11.3080925885
12.1216365288
5.9512527263
11.9757045422
4.25460348509
9.3233793533
0.24086015718
10.2419090015
7.03241681819
3.60855275903
15.5122136932
3.38066653992
3.96746177866
15.8546733901
4.06701292945
15.551543236
15.7264414854
0.744962448778
0.487149646744
3.71446070606
17.5027951072
17.619627811
0.670880462417
15.1756854295
8.6956775666
9.57546198499
8.17133004093
11.6551350504
9.35673251029
12.9473877308
2.78337049174
18.9268101609
1.10105167006
10.1931306846
2.25161705506
13.7307659104
5.59323472718
18.3161441973
11.4586568195
4.68270173382
12.6577792698
0.793128754169
14.5822566779
1.42346217353
15.5021593353
8.65277504445
0.232635494973
2.41624730739
4.59766400489
9.64376263276
17.0901502633
19.6815226345
13.2306824328
14.5555495551
1.92372009271
16.9560649522
14.6007720077
8.29226377948
9.12537021777
8.8901889276
15.307064055
12.1249203667
16.6747328064
1.6786425103
2.503289571
1.86212236777
4.11849104372
12.0415462182
8.94413675178
13.9443789775
11.39176622
9.75642628384
13.6612683933
9.57876585779
12.216807655
4.87236443452
0.254703904618
13.0205576436
13.7004715831
18.5858971021
3.36997309584
8.8983285053
3.04049519331
17.0545754613
6.80302953141
10.2082104839
1.26176097266
14.6731628691
3.49807810262
18.9022968726
13.1503229082
18.8591407643
17.1317340278
5.26974645847
8.14060689399
5.20796944892
13.2978287123
8.75162912382
19.8639210682
16.6542738417
14.3680011336
8.9259838995
12.5602088505
2.44608293758
16.4948313849
19.0236321337
16.9735161955
5.03673281453
0.983073600551
14.4090007348
2.289774518
9.03723244808
9.31318712316
2.37905343436
5.54127173619
5.39096483131
12.444668984
14.0460952963
10.9974601246
1.33616457261
16.8177958757
5.02017245478
7.84778430857
9.22303493267
18.0795591362
8.28340084501
0.307698680828
15.6265633193
8.7841737897
12.1855287811
11.8155522659
11.3319920597
17.3006935866
16.1501645077
15.5627805153
12.6968309973
13.9367333704
7.50274649451
16.6969079393
10.6918637896
3.10879728311
14.7102220292
3.9400233968
0.846794675138
19.797793468
9.71403587942
7.62054819271
7.43602786952
2.75058725428
7.68065824177
19.0593983778
2.15240587481
3.19702121984
4.46656305788
2.7817214273
8.5696281023
3.01996205901
2.13416198998
7.32270200402
7.83898734371
12.8390966711
18.3615722734
15.2673755874
18.3868558215
13.5230060223
14.8116445019
15.17261232
9.55359475243
12.9632660168
12.6563474642
12.0057021113
2.19264112925
15.3844060949
0.718179908912
12.0776516251
15.5509856876
7.81962204804
13.7437889817
13.9896101922
1.63781846817
19.6795398097
19.2579866213
11.3936312688
9.5445294745
8.34648525075
7.16426049061
13.7466867651
5.76927643801
12.7505548314
1.82092136211
2.4279669818
16.2591465517
18.5984796872
8.87441421599
18.4153198448
13.7723716153
15.4023401706
12.9749620069
3.45029029864
5.25185182228
11.64870719
13.539883766
19.1315326811
0.287345008798
15.707177992
2.83254303939
5.27201762455
17.4746108619
15.3148909053
13.2204944967
12.9948077697
9.49115378932
18.5124197778
7.55056874363
10.8597136662
12.5199049722
16.1566510473
7.11264175408
17.183214304
2.65857572209
3.9136374935
10.5530131024
8.91413930252
15.6343040567
3.37138825028
12.0280062877
11.0545066939
4.82879789637
8.97788472806
8.56700018935
10.0242387501
7.87600972902
18.2343890764
0.361158084758
5.12685829388
19.1473032478
15.7920595018
9.39217637527
17.6724570845
1.10071333625
0.315440897971
14.4810212908
14.8167317067
1.18437294342
1.75792495965
2.67172041602
3.04807247085
6.2384256081
4.90275896167
16.2274164395
17.0616489523
1.38401905362
13.0246197243
14.3700715556
19.6044844606
18.26728347
15.8316897047
14.4859378937
17.3354130724
7.61838258303
15.9415749126
19.5675471785
16.7819113605
10.8868569664
19.8821507093
16.0787832755
18.7877245715
13.4884152964
6.59553093419
18.3802423827
4.34568230772
14.9667140865
0.235816776612
1.67072973635
11.0981702522
4.56444997672
5.73955518423
15.6432972877
10.6635297406
14.2465079559
1.74286263351
6.74481629981
18.3354281205
19.6758479439
14.4684314927
18.5203862792
8.48973803598
13.82331919
7.7779787002
6.26163711162
16.8005026351
18.9343126278
16.7783443024
16.5834579145
18.0598519136
8.57036775913
0.36343710665
18.2696445603
18.6413498495
2.97675144703
2.34195122687
19.8127521429
8.86873040059
11.0504925051
3.75802955271
13.6126025159
14.1454410597
13.0029092105
17.2265846461
7.63431320156
8.15293810921
0.606231923543
1.75774943874
13.2681704387
17.1762635976
10.9247778263
4.8578769736
9.08635807517
11.5295124253
5.54538951483
7.7843163324
13.7914669941
16.0312378151
2.58728611201
14.2216666635
7.03342394774
8.47859064516
11.1350488776
4.23884216747
8.1950781563
14.6659768945
5.19285003443
2.18789099885
5.11936799282
11.0266892196
3.90939299855
15.059576984
7.21784470043
3.04219207496
18.0052047408
2.31889608549
2.62347770508
11.5576095861
11.1885492802
16.0294621966
4.47688015629
0.806957302028
12.2095043285
15.5720628554
0.480148120386
3.44378402583
19.6808208538
14.2073105211
6.03950276552
13.4015700611
5.65054178749
4.52174455415
7.98586345225
0.300586453373
16.6244099825
5.26882002114
16.7210641937
15.5123636871
0.745819302752
6.22727994361
6.49222252659
1.51427029044
7.01526422882
14.4984163445
6.31446584955
0.638198052763
13.7348542288
1.11573509045
16.7113228398
13.8488500847
11.6841919028
7.61669970151
19.9074971256
2.62936225165
1.22927126638
5.16467599132
15.7061852167
13.7042609216
2.15166324352
11.6526507449
14.1380118618
14.8453406591
5.70539453425
5.39953571459
11.1194526681
12.1478374953
13.2603271306
10.7892355571
1.49893073155
0.232368087304
8.8995853715
5.02748919902
18.0507396094
14.6916905421
5.23589240044
14.3159068134
16.6772398157
13.1156994022
5.50901547666
10.5879618501
7.42709762549
6.10432640823
2.5657575427
1.66159606675
8.56068631882
2.11363382564
14.0137731038
19.1645807885
13.8532174701
1.16798924367
11.2458508062
7.02984489981
7.66117572856
18.3361703117
3.33803999373
3.26710692542
6.82571249338
6.91231305646
4.90049759838
19.8053113072
4.06447813493
6.5675246303
4.96294440555
16.3354844841
7.55522885978
15.4191988178
1.5564187536
14.4923965506
17.8139826517
2.89035867741
15.3976235013
18.1305685762
10.9596535743
0.29751226725
1.15789129432
12.0852198776
8.48448309013
6.98483999198
7.30541370902
11.8697413847
13.6699466076
12.6987810579
4.2052675807
19.3225815171
4.87025516698
18.5158346018
18.2163809076
16.4800028771
3.54655059711
4.75649798751
1.98422570811
15.2475287188
0.89534915662
3.43645829637
19.9158658365
1.33797761092
4.65778165208
8.37822446083
10.4140238571
17.454779151
12.6252160451
8.89173589408
11.1317090051
19.1327486312
7.97650043434
7.15788950108
2.33039902104
2.11893001013
6.77121274723
16.4011264371
18.1734059545
4.48802579214
15.4768457831
0.357066817872
14.7325670114
2.97948480035
11.7957104341
14.2709701971
3.01115487006
7.01325643374
12.7341162237
13.0199972461
0.537147264115
11.0975491818
0.683024699021
11.4145770617
14.1226527088
10.7767065558
15.4309015236
13.5656262617
6.05780197579
11.2683269561
19.4749327537
13.5135098313
12.4562816069
18.1708984551
5.68432191283
0.620166625672
1.41178308011
9.44314794226
4.67736273451
18.3914306521
8.3588903104
14.8179810718
1.83401808116
14.0175985905
13.4975444951
10.9629732738
11.2136428462
9.73528284073
11.9970639285
4.01143505875
19.2716619691
14.560143562
11.3050984691
0.336278602705
4.04190122864
15.0327074888
18.8024379503
14.0479302449
17.9554014454
2.97818978093
4.292003625
19.50545235
15.2276943229
13.7089899091
6.65933020348
12.6909882833
4.90675269581
1.06034296871
16.422730279
18.6554072666
15.3444015802
3.29694675285
15.2045026956
7.74827957285
5.87735440197
7.74689856329
12.2480603143
14.1107865382
8.09400924279
8.63327758741
5.25244693394
10.7716128087
14.216113364
15.0418514133
15.2195956569
18.0120089091
14.051108589
11.245474044
17.3297342268
4.75288694697
9.36707079227
13.6403798152
19.1483314859
3.48477957288
15.4317740808
14.2229422792
12.1404704593
7.75001455767
14.2731702401
10.9963295116
8.718528109
14.5165686704
11.0879282222
2.72104804848
8.38533469437
17.1888342551
14.4388137806
3.8426631206
7.93842182252
4.94014303877
13.4012682051
0.283398125141
13.7527980509
18.4256279867
5.08344304814
5.07500521303
4.71495860462
1.03754899147
7.98006558083
2.09619263509
9.39436882326
4.69591717642
16.1245985958
2.80986297264
14.3060302209
18.8718174575
18.934674561
7.61617020678
6.70149674767
14.8183152783
5.75176746844
9.38751444503
5.91977286461
17.0917937791
2.90707330392
12.133592672
4.54424948546
1.0729301605
6.3773472698
13.7537189328
0.217784727481
1.31754438238
14.5431556378
0.307472431633
5.06907531031
13.6786299551
16.3865993277
15.2135643324
12.2402495798
3.95752297337
13.1831750909
3.75440234233
9.66950052693
0.203339644701
9.56565915082
13.459562739
5.75738932456
8.96916022875
15.3345434998
13.8973820283
7.9914260962
16.1916454488
11.14765748
8.87283283543
11.0270316859
0.653975060867
6.67845908967
8.69869348843
9.20620043189
8.89372384793
14.2441073613
14.4928526914
14.7743033159
6.90995185579
18.3029883298
8.16625139088
12.6870244151
16.6303433124
1.81507709683
6.2777084741
12.9109802723
9.40912577031
3.91892385685
17.891873889
15.4440419547
8.79170320484
12.8465492082
12.8741059624
4.21060373581
18.8702010598
2.52752183133
5.47704958648
14.3046277055
16.7536490181
16.7130877287
8.8636291083
15.0495281322
5.66297163801
11.7194896343
18.9220480036
16.7703988254
8.54479797635
8.88704433751
1.22232083551
10.0929438087
12.8758579655
16.2797404136
4.6576841929
18.1684832537
8.72370577087
8.74910524631
2.38019668831
4.36924563114
15.494922827
3.93357426185
13.3463254795
6.38940177668
2.42076614927
15.1775719992
4.36459721126
1.64163932929
3.36296881676
2.17534951899
12.158725955
3.1194089792
6.62911484221
11.7944212995
19.5961078392
19.4324307191
14.2744134108
4.44814623174
8.86556530353
3.87835666211
17.6516984902
6.08760876918
8.86676746006
7.03380357846
15.8648123078
8.53432319671
1.87228426304
11.9192027287
15.5765933413
8.94354803684
4.54819704047
6.33122798493
8.05581644787
8.60519484453
8.0336543063
16.2244633501
18.2531905393
19.985781322
6.92319506002
12.0573176156
2.52197514693
12.9927516612
16.714387601
7.2888954074
15.3941515237
2.505409311
10.077014179
8.26133981982
3.12894242843
1.04658494887
17.1357476835
17.2508695962
6.53307571461
2.22959757489
10.2827840925
9.07973748813
13.1582098679
6.27050116879
15.5616316113
16.2600799378
12.5872608619
12.9187731451
13.8585395348
12.6245837248
17.6897527386
8.22705290873
11.6742179033
7.86487138207
12.8024153682
0.292901119266
5.97770605114
9.89186033427
7.86400051019
17.4851114561
4.2817531933
13.3929726202
19.4488241684
18.1761978998
3.50039203043
13.9130311153
15.0643551878
13.3440013486
8.15467225545
7.60748392566
13.0185104343
8.33863353734
8.26655844762
18.7598005285
19.1302148461
10.8157575718
6.09907238922
2.95753816978
5.67608604978
8.57011124623
8.06952789145
17.8350582065
2.9208201844
6.08677559771
14.7876525705
12.9288062451
8.8676528395
11.968470225
14.8204590627
6.1555651076
19.1195453179
6.42507967348
11.294506921
5.98559859666
9.14237274953
19.6498937825
16.9144304541
9.43384294926
17.7128513042
19.0457260961
12.8024384724
17.3974359988
7.95031595379
2.93228832514
1.76989608393
13.060469277
19.195648795
2.25430258244
3.39658807611
12.8983815653
8.53874083057
2.26183186191
2.15636587992
4.3295109436
18.9241864224
16.1020352656
13.1160452161
17.4880037775
9.3158254006
15.7568521808
19.4458421089
9.22461523432
4.78994127427
13.2418420767
5.78279138405
7.0817524039
18.6430130055
19.898989187
7.35085303046
6.92868824013
18.8101080023
12.9121884914
11.0335373115
1.71629646327
10.0824513105
8.46638539069
14.5992790904
12.5472309205
10.3017131995
0.275753670797
1.73061226291
4.60131142001
10.1137592478
2.37092382908
5.6148424837
9.09065422048
17.9712553683
11.7016661954
5.3594577815
16.3694665389
13.0841456731
0.858055920405
7.53003788054
4.65095010315
4.05791166322
1.60672967412
3.48606370045
0.470298564584
3.49681124779
2.57447950252
10.7831890289
11.0352976735
16.1352135253
3.08661209265
7.22102820197
2.70976724832
0.244350838295
4.63739766141
2.62041598726
8.78107774295
11.5349819396
6.45901580027
1.29317203185
17.3486464229
4.81304322295
2.32622630507
15.5873271966
0.672250151686
6.10514310428
18.11849202
5.18414723543
15.9452596943
7.34424831357
2.60584571438
3.2653962254
9.10630228491
4.45034834829
9.89999053856
4.1412059878
9.92464734882
1.24706259287
17.7368433164
1.31584337557
16.241290513
5.97128534692
17.5502611144
2.88429702505
2.81307965764
1.60193910673
1.72922350792
3.35126958076
0.778828660255
13.7079600275
18.7016986578
14.8616151276
19.8256196729
8.69241716266
13.954530223
8.85648539079
9.34715254357
8.35103591283
18.8175014072
19.3776854993
13.8369625858
4.67830477102
2.56877343968
18.09300289
9.78112797736
14.6700979125
16.239764298
18.0143583959
4.24958529179
2.32162502784
12.3570898078
16.0516295021
0.987718587852
12.2798104023
14.9875781925
6.35432138794
18.0267633041
9.00380230173
13.868885062
7.44369899733
2.68967299401
10.1861062549
14.6053226456
3.92886801895
4.4594553757
14.2613338425
6.92991834431
5.06818013729
0.388201522287
1.59779038378
10.54684499
9.96679044323
7.82840078214
17.826914322
2.64160384653
13.6407236819
15.5954669886
10.4827724705
6.48611487179
13.0864099784
15.2275598159
7.07329719948
14.8595762493
11.7213557636
16.5200880767
3.57405089242
14.0529593431
5.34360400305
9.56278961606
12.9691572807
19.5537008675
18.4247458341
9.662446726
12.8301114783
8.6959656983
8.60617745621
10.8607792711
1.43672039445
17.9196617263
8.97380645728
7.77267029042
3.9091626997
3.01969997944
8.68701129113
1.79562674982
1.63462766199
12.7997765287
9.44328941881
13.276459351
3.90347652889
18.111458541
8.4954579251
2.45935039517
17.6792020306
18.2573190674
18.7758598194
0.42313376903
10.6956220524
14.4526593111
19.3463147795
1.49649932741
8.73314457762
0.401056914747
3.12694579531
13.702888647
5.53917303391
18.2829610523
0.815193726179
6.10525095639
18.3594508116
12.3593421051
9.17257532819
6.63370055875
15.7310307876
9.76552809874
7.13715716786
16.6094568933
12.4583702931
2.9743282172
12.0186256074
19.6146349431
0.891346072184
8.3940524911
2.03208734509
5.51331592549
3.75099823908
0.453945372498
18.3041919977
9.98748612802
9.56624853876
5.7039948152
14.3974450109
13.5820429093
7.70824321644
15.9751375225
9.17607065593
16.9517709593
6.73513393871
12.5267081522
14.2984799069
8.24730513728
1.76217501571
13.0207563745
17.369860162
11.3336999441
17.3848165929
4.50714978599
12.7290709242
17.5951925008
3.78838070472
15.8354184985
2.17296008655
12.7373957071
9.84532972088
0.984254623391
7.4062300329
10.9236372537
13.156098739
12.7776746571
17.9675600242
13.0754341794
0.909790668952
18.7027602769
17.9045631625
11.3087129154
14.63624907
2.17763139556
13.4360547594
3.89874564611
8.96040268757
12.6627936415
8.92862540614
6.27748421174
14.2079306839
5.55110336546
16.3704922731
1.34704396061
3.37575271433
15.8408633193
8.44901105946
9.01145970823
15.0282674203
16.3072277021
13.4499108888
9.21378113122
18.9574398558
7.22629681277
13.8092040284
18.0693501065
2.72810254716
12.1996325542
18.0238012866
12.2492596497
14.5077054915
9.98578336182
14.7901846413
5.40716063989
5.36619786507
19.9870265656
19.6559944094
4.13376912263
4.8915450854
1.9535227178
4.85675594527
10.5830814775
10.8261629694
17.7825034295
10.4874217682
10.8353278813
13.2787709449
12.5270941105
17.6820859732
4.04479092646
1.28157932779
17.7250095328
18.327934002
18.3968367843
8.57749702741
5.88692629683
5.50493230658
18.8264240784
2.36451183415
15.7837826438
1.91356372071
9.55368617257
12.0244581678
16.2615899673
13.9490341921
9.55599209362
19.9256548471
10.0208118516
2.73631068716
2.2585371144
7.89452887551
14.7934353576
1.41864549245
14.3086690343
12.9927572187
13.5484039911
19.014746054
17.5445039559
18.5166444261
16.1607595324
19.520845405
11.5612847573
3.89737073136
9.90421481487
11.7732425745
12.2176747594
18.9153255366
2.3142844743
7.02757734676
13.8390935612
17.3666096109
4.02878075621
7.39343844633
4.68966152844
5.56084592928
4.57199378746
18.8908927828
2.88151449517
1.24705716717
18.1854928891
17.7400629732
18.8131060985
4.73490343998
12.9039571786
8.24440159145
12.5069261072
1.00951033117
13.3972188336
6.03303047797
2.49353432866
9.72282942555
0.833181349931
3.20703671251
18.7502626946
2.22004446856
11.9918047237
5.83289556262
3.27099888409
9.67549185018
11.9913390346
16.365350219
2.50164526294
9.2941048862
7.92569001931
5.75190736988
18.7364057072
3.04426643737
10.5983742712
9.5004554402
3.54636477544
10.5678901953
16.7879649188
13.7525656549
3.55104759613
1.94403849813
19.2295517297
11.9110583973
1.2654823099
0.372788024464
3.29743215852
3.74965421142
18.9558171467
14.1464968022
14.2424474821
13.5641544739
18.6811007537
10.2658190093
17.8715847217
16.8358263192
6.44481029853
4.28886660748
11.7745901116
18.7462792847
18.8031065688
7.67448421642
1.96413275285
19.8457214739
0.927310441031
17.6973390326
6.47506342341
16.8636190389
14.6698242625
19.0394624804
18.1737363417
4.14181074917
18.3670981924
11.2695128837
15.2796713906
6.5255889077
9.50107675575
18.9226964275
3.24669610769
8.14147812679
12.511851889
17.1510157302
18.390315001
3.78075160382
11.8451834181
10.1658921048
7.48459886144
7.51440580855
5.31442869662
9.02047716657
11.1957513693
18.433250508
18.2728597905
15.9483904127
6.48395764135
8.69040015111
11.2766221094
15.4136968845
19.9075908573
8.86418860828
7.20551372857
4.09306961438
16.5293220261
15.5407000249
12.8310488185
9.87426913973
19.6365222602
5.63978697037
10.3972781727
1.59155506275
2.80572777669
12.2411246074
15.3088251374
19.4847672527
13.9063074839
4.21815112611
7.16498836738
16.1896583203
0.688143498709
17.4305356759
1.28724294863
3.17247877931
16.2757104829
6.27951627715
1.64437215502
16.3616742293
16.8356896603
9.72049296341
18.1945034936
12.7921735162
18.9669005164
16.1920918622
8.59931309184
17.0430797484
18.2328277727
14.220234754
8.14197209335
9.90277746542
15.2787689004
6.66699614574
1.33091096806
3.54228373801
19.1897940877
2.06700156414
2.83731661627
0.484470295601
8.23810047627
18.5780190178
7.80279199525
19.2554619892
3.060144066
1.84081972117
2.9702682006
15.7071976576
15.9278458673
15.3941871197
16.6631492577
1.07282785317
18.7421940853
5.83133744738
11.0829031501
14.8365178498
14.3250964105
17.3830212726
3.08258616036
2.62898653092
6.23913367026
14.2372760791
14.9168766467
19.496843859
1.39206787728
7.2922975334
5.54356534728
6.45532171746
10.7313939482
7.84148303898
3.93570599907
6.78631913231
18.4838726334
13.4337716659
2.43515078904
19.5019453957
3.17471496459
7.10484278284
18.5083167494
18.3268030675
3.85709002323
1.90119631725
14.904370164
13.1591174416
16.6265316285
1.82377712198
0.224384497603
12.1893016059
8.83421279242
10.476647458
8.1781871625
8.20719130074
11.544970479
14.7477886599
10.6885439721
18.6950977683
17.6032307082
8.47317755086
2.12636357468
2.39556557691
9.75760483406
16.710023956
7.71691996884
13.1260898965
8.59992839887
4.76209439267
2.82334235327
13.1114811919
17.382010135
6.09128949991
1.20386012202
17.9215178616
14.8750227226
5.50506960497
14.5741301117
9.22857839287
8.86416552363
8.54910364769
7.989154776
5.25538455804
7.55789782647
11.898418726
15.2995914933
9.74427713657
8.81110953466
12.123911697
18.3237011703
9.39210528135
1.78257557696
4.83426778277
4.10070158093
8.26715652823
19.8132543568
10.0053323871
8.35758458491
9.17407749013
8.03517197045
6.26485349892
13.1025985684
14.2415781082
19.1098028935
12.6871467862
19.8957841932
16.413908699
4.47747925841
1.17555777171
10.6993424729
10.1938601739
8.6436466348
2.15790008084
2.06361671975
19.1440424343
2.69167086226
12.2227194903
7.53149240337
9.06158695744
10.3962831225
16.24992321
5.19433363686
15.0246753714
1.10850677362
3.42820815249
13.3330041356
19.6833647818
10.1511916463
3.09297048368
2.85336550028
0.354807759165
18.1345875705
8.88789526388
0.606640360987
17.8413844852
7.39626497818
15.93220211
1.34537303368
14.5585333402
16.0623979205
14.0162385891
17.134605112
2.16224200353
2.85461009528
9.49138549368
8.38018872104
6.9526487908
17.1826158863
8.05633095938
16.1420119059
6.50765761865
18.1892203349
17.5343776462
12.847959523
3.99972548967
8.10409029135
11.4197429878
15.1641493349
19.8343035183
11.2387321722
14.7233987736
3.81338729405
4.83423369532
12.0803446817
9.02292178711
3.96506026709
15.559372623
10.2075155302
12.0438553592
11.0230281275
12.3076484922
4.31272876685
1.11878762776
15.927514894
16.0685892279
10.4125771682
14.1229352373
8.9877700989
14.2854443699
8.40888200097
18.6516545517
1.81936832623
8.2298008748
14.4688695263
5.70667873489
0.71563016821
13.1692507895
16.9982026065
8.07085582837
13.1835349108
1.37106169644
14.2348192254
0.315531449086
14.1305570979
9.99100710199
5.21712648117
9.30008507713
15.5264582062
17.0606857865
13.6702974357
0.962653206475
2.02729769405
17.7120101689
12.3565060786
7.1135656773
6.47381687028
5.60618142709
12.9917763298
5.95845350536
10.8195210386
4.88595601842
17.5382932776
12.9598087743
13.1167749244
10.0193204595
15.3329073761
14.1663486101
3.28614641217
18.7290169125
15.1255971379
11.1364909882
8.57792443503
9.99284704657
2.74978903745
2.96835677352
16.8720090868
19.9072443359
13.9709823433
16.3283475377
13.1650221734
6.92044619368
11.3722119614
19.2102313063
2.42074724194
19.4541687831
13.2286667531
16.5529280964
11.2236905526
13.2563685075
13.188834936
4.34233072484
5.79357422258
1.71528101306
18.6622720321
2.39563087864
11.9421284098
11.7287282426
16.2579069965
4.49007572698
14.3640765367
12.9660206669
10.9672035351
15.1491823581
13.6931649206
14.4701629977
16.2674575267
12.0463143622
16.3776032009
12.5784030696
11.540717174
17.19985069
17.7630204459
19.1914306983
5.38448771125
3.96360485673
13.3432884325
8.94213644577
0.68560924099
9.80234613865
15.4653546459
3.02142002685
9.37778681657
6.09275000701
5.07183995067
14.0374116304
8.6284326704
15.3730709312
18.46866362
2.41799076085
9.56624067353
9.81906747661
5.66423300689
4.42583810798
17.5803085617
17.6960767486
13.1892399431
1.46329576104
14.2670443737
6.08907264403
6.0065042554
10.395002699
17.811995373
12.5872071866
2.74965501117
10.9234337983
3.65210239026
9.10052564039
2.37691114813
14.4663972314
18.4700585936
3.54251786018
3.83419759275
11.1096423288
6.47698748449
13.6028274755
13.2008469852
13.2363525704
9.34435040327
16.7482139724
18.3673742404
5.25139110893
6.45355412773
17.4471191911
14.2229222809
18.0618283269
18.2173862451
6.99733654228
8.17893090344
8.23629029431
15.6418743373
19.9902563984
1.11965260123
8.10406079803
18.3356917311
6.01884288635
5.13405869268
12.4553140455
5.90325955422
8.93256556708
3.30909293529
17.6844307549
8.85753233785
3.99695282484
12.3933694351
9.73800196361
10.8753572896
13.6779585827
19.7396430574
16.0051237964
12.1074964359
17.7675826714
14.0182355834
7.60290453229
11.9403111187
8.16050279657
7.75768520873
17.0398365
0.544331701828
5.04600190302
2.93931416911
15.6832760081
15.1817988855
5.29939605908
3.15881204512
6.74692440924
9.76628671587
7.22901203921
5.61287366244
15.8421590343
8.0987707921
17.6513524684
7.59098358686
2.51228338012
16.8818764793
7.1995036156
13.0388869518
7.53295516867
3.69867876597
19.6304543988
0.959720475527
11.4674471583
9.88600848235
10.086718526
9.87100438688
16.0422860711
9.46025152516
16.4971205829
13.1541023849
8.82119558292
15.0056576729
2.30295913921
14.8204699153
1.5456936107
12.1936588571
3.42697462225
15.3047905902
6.7608976799
15.2261366586
13.6568110304
4.05017624222
11.416372775
0.629457611817
3.71422408629
0.904506358744
16.408876956
3.591089729
3.10929155592
9.00140949609
9.07671707283
1.6950455055
10.7097003804
15.411151599
19.4666412607
7.26189071768
13.0909880252
11.9615174063
8.80844423123
19.357431697
19.7707572284
8.32018877911
3.42432759086
17.1361339544
8.67926326231
13.9953941575
13.1753678418
18.781199348
16.3320014272
18.7122446363
9.45383805677
16.7736481603
1.83293011228
9.04128852542
10.7476248197
10.7681136048
16.1720251514
5.75469146757
18.7775844525
8.85306211131
1.94040900274
16.4359220775
10.7429969739
15.8539806369
11.8089636891
9.84016213774
18.6623151741
11.7100844729
1.74938539741
15.8690904842
1.45630945202
2.25844192678
7.0786069947
9.78302472838
13.2295351332
13.6233147803
7.55217395067
3.34915148196
14.4991104988
14.226877295
4.98080145714
10.220029118
14.8508649677
18.0646314099
18.3303042018
12.5542631911
1.34425247361
12.3642727169
19.7345309553
2.13448018417
4.26499824416
7.51706263026
8.61384217583
15.0977874644
8.7896254948
6.94820372982
13.9021193644
9.61529651087
10.7922616439
5.94304221945
5.81394554069
16.5403530837
13.5530490126
5.15705931026
8.77584739855
15.3193764146
0.543191180948
14.3997944777
0.958120389625
6.88116121284
18.717522195
18.4407359701
7.79673357225
18.0141858734
17.2371538635
0.736148420231
5.38987123577
14.8055756995
8.17276851614
12.0234606522
2.69550128294
4.06532388601
19.0875555747
4.31462268195
4.50806019177
19.0186947011
5.98529865616
2.05834150952
2.7121356951
9.96227691022
5.46116903251
14.7811695423
6.39492181324
11.1526456468
0.474079947103
5.17922748938
17.5505448332
8.2533408906
1.31978203071
8.2616118968
0.310978299912
19.9050947752
5.54727141718
2.79836828535
11.6992098174
4.00336056874
4.27429120828
8.86166922866
8.81821034591
17.9853147378
16.6914224446
15.6105530835
1.14337316155
12.3846046377
18.9077037425
7.68257085201
17.0623732533
3.30282260558
17.8051019416
13.9763771816
7.22080036063
13.2390977314
18.4934683465
18.8888848429
12.3559928721
6.29325670426
12.9049418039
14.3329935778
8.49720793019
6.6858972402
9.29471481653
19.7491406827
8.58214746674
5.35374068957
13.8456317363
5.75777501214
12.8960960851
9.9393051007
13.5396715976
10.6417126827
7.28654734291
18.2552038789
15.2205015266
4.46032492054
17.7984224371
18.4799847918
15.9174923098
11.5716480165
4.21196725193
18.4570261614
3.8218866757
13.0503821499
18.2699520071
2.26683201264
11.5023988853
6.01033838484
13.085356192
5.2858790101
8.20967538561
19.366233392
19.1056285897
11.3426450696
0.523876193898
5.02639421489
4.71226266942
19.0453237561
3.81686323083
11.6763781345
14.1255031204
19.8123659243
18.9896113917
19.9808587982
1.13459068743
17.7160053605
16.9160228028
18.7241859398
17.6709127585
9.68531681029
15.3675026654
9.36715946133
0.528268558346
1.62809226247
17.8225597275
14.3871330837
16.8179770674
7.86070068723
0.749792733651
4.60899867445
6.88376153975
16.9423750945
11.4759391739
4.84591498935
14.0326875871
16.8542685553
6.13758598459
16.9875657644
6.09135214508
15.9080327843
14.4204951271
18.2513309456
18.9590312723
8.74895213567
16.5477638271
6.02840533371
12.3046468421
2.94125014136
10.1829606859
15.8763323583
17.0945689764
0.467283898937
0.269300736441
16.2104135084
11.4454816303
16.1420507729
12.5274930342
4.45377969014
13.5742621807
1.5074050189
19.4169124336
8.58489987736
11.5554738768
17.9571279336
18.45121591
5.83607884552
8.44794279542
18.1766803619
13.0344082604
18.0042418895
2.0375238692
8.26847188285
2.68086536227
3.15684794488
17.9950486848
19.1676405879
15.4384033907
16.5283251922
7.15514524668
12.2539997764
13.4818930905
3.15241159249
9.07515032294
7.30882938483
3.68295330821
16.1328855766
12.46914599
9.68646978306
7.95015848169
5.27098779583
11.1849879832
14.7968396204
10.4519639402
17.6741678441
8.44004453413
3.49166066931
1.19112346935
12.1378708071
13.0175943069
19.2775769517
0.30615683383
0.292628629976
15.7220994696
3.07685294416
13.4687586708
3.15488271038
14.1750020992
4.75767933262
9.42519577365
4.90016068961
19.1657389642
1.3583098592
10.591060382
15.5745040569
5.09084311477
12.4764339454
19.0451283967
11.1556433068
5.07707884644
11.1017725299
7.08717225588
17.4588250847
18.1496378898
13.4023422469
3.06449467212
16.1249956302
2.77919170105
14.5690886474
16.0871854618
15.8014133684
4.89522410929
3.54402127918
9.99248465302
0.987387136446
1.16364253791
