18.8223828198
11.7312960249
11.606616588
13.5832764003
11.37793917
15.1062964574
14.125124158
8.80520658223
8.68749917228
18.5030432637
10.4134119576
14.0876354191
12.6962816553
17.7565763078
12.739005274
1.39855305008
15.6180790601
10.7841586588
16.692126548
10.6225811272
7.31497757384
8.13406976546
14.5493002795
3.86645692937
19.778128859
9.03132360579
6.3913738796
6.79767468279
9.49310056175
1.24632023628
9.06459962183
15.0032487674
17.1836768858
15.4519061001
6.28977581274
7.19113684332
18.6885233112
6.82078355267
11.9517873906
5.71100869522
5.74784148491
18.8633201948
19.1135240608
18.2475779133
8.51381850056
5.55861142249
19.9796639247
4.84591582874
2.90870998655
1.9684091313
19.8005953931
5.57338477669
3.25078547473
1.50324650818
16.0886747027
7.31459518315
12.4296865339
11.2587851845
19.1023730018
15.4252956489
11.8057137676
17.7420613849
7.68475928798
19.8015836337
6.7801002855
10.0649267647
11.9044803947
1.50881965887
18.4733920742
9.58466907828
2.34259158736
17.1479632688
14.3762509697
9.32268065214
15.743389211
16.8359380444
10.0472248575
8.9724773
13.1022642967
1.86288481489
3.74455852369
10.5893410845
8.63920505954
1.21386424672
9.78005923561
18.523802552
1.58166754221
11.6354037294
6.19397846701
10.6112646938
3.58448546377
10.2868835606
10.2379476491
7.66150553187
3.24519451255
16.4114340564
16.477189347
12.6054834941
2.00315307129
0.587267863176
18.1325587443
17.9341058875
19.8336224221
17.9834475486
4.90865542705
6.67041389562
13.3041954547
2.64770862656
1.54640505145
2.47153960862
13.2398624224
14.1197267841
10.8859267724
16.6593504967
10.829410476
4.77244109532
19.7529437652
7.95430545618
5.84698122653
5.97789632686
3.33464127547
17.9200854023
6.42484718775
10.8772880954
14.5388419518
13.5296718759
6.85729730602
19.3432282084
7.78013916336
19.7192704833
13.469706723
13.6981663607
3.16063168505
3.15980655102
0.55053641674
4.587637165
6.15380733691
18.5081528381
11.1218283536
13.7862985702
5.142478477
18.7178876446
12.4060516554
17.7565347283
7.53189445608
13.1634011655
11.9043762673
6.0978013663
13.4750177941
6.0063671583
1.95008640988
2.42446475201
14.4495898969
11.8868815608
19.7648948385
9.31844678646
11.6140888162
10.9209164529
18.8939219651
15.4147504584
0.547911533168
4.89609033191
2.9788586829
1.57651327649
6.65958302164
16.5837304607
15.8435396935
14.2829814147
1.44767850335
8.31542887873
19.1765368858
8.28444324532
10.6299466944
6.77081276372
13.8454241166
10.1332555582
9.33903564287
1.37678964288
6.11807896226
1.10064827879
15.8405338406
2.06248456243
15.426778238
18.9433299456
15.0299137077
4.75925185985
13.2930719117
9.3302296068
13.9892759525
3.35852065274
8.89416643085
7.19090524935
9.93665751084
10.3258104727
12.2703548899
9.62690380662
7.50654724107
4.89262439819
9.52714925735
15.4132684809
13.1533021452
18.9888580529
6.72423576182
17.3264141295
10.1889045402
6.01678663207
4.00472444871
15.6976652782
2.94469123113
16.7440853646
13.6034667792
15.5552288663
2.37780646652
8.01123224155
1.85370503666
11.0997359868
14.176825328
18.7412561068
1.67821131397
7.69645658634
3.79322684481
16.6138496231
3.12529913202
3.39188892964
2.58349111323
12.3536528024
19.761502188
13.0621726874
2.97534503066
16.8619528072
14.5447474247
17.4147601833
17.035274625
4.15435542439
16.0840642258
11.1535125239
2.13287255951
8.54148782823
18.4321848346
4.98155929698
2.51501679277
5.12089197475
11.7167128134
3.24674052707
10.3491490956
5.07315109708
7.90055480736
5.35929173853
8.70334564944
15.1313025863
11.2351475959
12.6055781297
0.747596392285
5.37632918564
13.6816093027
1.89773173187
6.28885926699
17.1645579918
6.06555100075
14.2247106593
4.47747831023
7.37105248646
15.6400860629
7.93630387404
13.679104929
5.55029520907
14.0711233939
16.6511914204
12.4634788945
9.63405967682
16.3144157737
7.09987875773
5.81779715877
17.4070217638
1.68095864344
16.7712875432
1.27248941826
14.214847258
19.0583775419
6.94009855701
19.2299437032
2.78983060118
2.84865676309
18.7766073255
14.7342388316
17.9978079729
6.09361673643
11.5553588443
16.6654926702
4.06426236478
0.469011954311
18.0892983845
8.58214694359
9.95614283808
16.5081984097
11.0466914876
13.1488590039
12.0829370181
9.86079626342
14.0236729926
6.67823134896
8.39234793574
19.9754515299
0.778488778925
7.13609444478
8.34559749526
7.58975089424
15.7151131091
9.26335355791
11.8435214431
2.23847535861
7.84611665624
7.59017490595
18.7031813951
15.6693674094
5.05571799132
0.934020031659
4.66635306084
4.99976063107
4.28918252909
18.5026677279
9.46746429288
8.04737224012
11.8050666355
11.1590715287
18.9234472522
14.0862500209
17.4048750377
18.8965130534
7.386153009
6.55985506815
0.303065002882
18.1522295688
18.5073907866
19.4778161945
8.94208376667
16.2923250092
9.7561346471
6.48159800771
8.17374675062
4.94091286254
18.2386475079
10.8253507687
13.4085457577
3.83535032646
14.1222776134
8.47176274254
5.51499386475
14.2090219168
12.3238428735
7.44410349774
17.939863589
19.4206957112
2.38652714209
14.3521117666
12.1950468424
10.7945863654
2.84988745943
17.0727962958
15.650046323
11.7721454105
13.2537405099
3.84739791619
19.6761683287
15.097385478
4.02904937447
12.6419506113
12.6492809097
18.9719049007
11.5084516078
5.07931305986
7.30045893761
3.48412820194
4.80170529134
5.74697179275
13.6205572985
2.68717569606
3.01005418324
9.84731654228
11.4141769696
2.44378283987
2.68628565375
15.8526612499
7.03108880026
1.84703284583
0.683261352067
1.49932897407
10.6165804574
9.80773476714
3.66462119979
0.286682527253
2.87511921115
15.4008200394
14.2679670688
3.61918114754
13.6103804316
14.5342994577
0.573421475142
1.32081541145
19.9965705164
9.15342077669
10.7557278715
14.5287729006
19.1697351802
2.83446109594
11.0932772553
5.18925076074
15.6747177722
9.37494705232
11.1631606404
3.10532828476
0.973860501936
16.3671319003
10.0433265019
16.3730082143
19.8636945328
12.4805426502
19.88397027
4.1141965815
7.38233009808
10.1099464673
10.7381417671
2.19950880877
4.92127991094
15.1003552562
15.4245412097
6.95323152359
5.50684786142
16.6726613484
8.20378052589
2.27722443638
12.7987984699
19.7103769854
4.18686930768
16.975470693
7.185606689
18.7283751696
18.8996743529
16.1806585791
13.3339485102
4.78764424014
11.6868745516
1.00853082518
9.69782010689
2.97858096151
13.0236205143
1.45218420164
2.62202079967
7.06211288621
14.4901445269
10.4020839121
8.84660887114
19.7978986369
2.90810655512
12.7587565469
10.5175700454
10.8737478103
16.3254376426
3.15906090263
4.63698987664
5.57210059834
11.102445341
19.1229070125
0.44379166079
9.92328547915
12.0722075031
13.7601168503
6.80831850385
13.6819903728
9.95339776557
8.19589119214
3.03705445057
11.4341187189
17.6326661693
17.8097864996
0.879847942328
0.408609180719
9.29831781627
9.00605748593
11.1730265053
2.37001187884
9.79579572535
7.8733455123
4.30976337859
13.5754089396
13.0501576642
19.2531246727
10.5257723772
19.6278063531
18.4008550503
18.9262590771
12.5344793906
12.3308426215
3.3380100425
11.7923923776
16.0690509993
1.13393276503
9.45903676492
3.95241576245
12.0931019576
1.38455928052
3.76745531833
6.43813499884
12.3229703879
1.12334776486
8.25447607708
18.6701232926
15.7887750591
15.382091731
2.51929292358
3.22131545908
9.84446513128
11.8932261402
14.9391913534
4.14969058753
17.6902197698
7.81242869118
4.02855737283
8.43641253943
16.4357821892
6.71867912506
7.61027251424
7.15991153014
2.33226240675
3.64118168575
0.602427460045
5.27579984884
3.67420396639
10.1828072983
18.5618043285
8.95109876451
18.1685996693
8.46303185763
15.4380264591
4.06693883284
9.33579762344
2.48625599648
19.1669164355
17.9688286555
19.7905011615
14.5108752464
19.1577707441
2.54096212407
15.1005643315
3.46143900173
4.43562393175
9.88139405973
18.7157949361
12.4739234236
4.22059937206
9.45212998995
1.70138235375
1.07867048364
17.5914977121
5.72383027949
15.6325693165
6.0377479588
7.74331289192
12.2697573203
7.90852164178
4.04800965975
19.905987647
13.5865518384
6.14041263587
3.43052329402
7.82831706314
16.7561695195
3.24920201593
7.67473254799
19.8015172351
12.2598148859
1.42520651702
6.46949976467
14.5794398604
11.9572954903
10.2642023919
18.9720636396
3.50064197819
10.6035225405
5.49979175309
7.37866580137
8.77964524655
3.55499646413
7.54466543601
13.5907893124
8.05141080377
17.4650034895
14.1120869388
9.17885603575
16.7208160619
15.4279366965
14.234931617
1.27442476299
18.0141401395
8.18630973084
2.80001583031
11.4645383672
4.44969360053
19.489392959
5.5284791804
14.3103933842
16.2985695647
0.650943748976
8.68039553879
17.0408448663
16.3370938181
19.0865820619
9.17816394622
8.01758890082
9.3747764002
15.1465913091
5.66351069778
7.93589238384
17.9825644224
9.34336639635
4.4314099864
1.67320994538
1.2246932258
12.2403567421
2.15566304416
1.80870517001
18.5309889454
4.52385330374
6.75146408348
15.0059944649
12.9466188738
3.9375915737
12.7306632546
18.5876314752
7.54343147318
18.6087167042
13.5815506443
17.7439604699
5.41253815204
15.8737935147
13.264451625
6.47119614219
17.776594136
16.5759679015
0.629910864228
4.23067531401
11.3553608461
16.9430959721
12.5193194027
4.54491976575
9.50661730574
5.86663448308
8.75017226855
9.08838718463
2.90953141738
3.92794051105
18.6674632915
13.878644221
19.5061267558
2.7837443955
16.595311316
0.916393447532
10.0598198211
10.7863351215
11.747012509
9.92414650883
4.4435990641
15.9957049936
0.710982293806
6.54173733733
9.26481576891
3.06158550885
5.85911016839
11.9910665457
4.95747650072
9.82458439846
15.7276247576
16.8213417801
10.5066917946
3.87871499324
10.2347348094
16.9274336841
16.1899704315
9.19614662402
0.85112042534
12.773160207
18.7273208712
3.38631378625
2.31150264877
17.9135557484
11.5772863812
3.45988844272
7.65078638991
10.5052493126
8.75326959737
13.0525134277
4.50166704469
0.350304182929
15.9869560853
10.7212267349
18.5037948726
17.8699226389
11.21782145
6.52725132182
7.23718693337
5.79018507139
14.780076194
9.08146504523
3.74600683435
0.772646177801
5.2185363953
1.29825499913
15.4571687352
13.1045075097
14.5102110326
12.7417946844
11.4999965555
18.9948805699
10.7275085521
8.21795056342
13.7894373816
6.90917272844
7.07374636543
10.181573041
14.9227962997
7.59021575823
1.97356850894
10.2813584579
9.04409465554
14.8913342345
4.42069090773
6.132458827
17.5999167492
13.3943767667
8.16455811036
4.40724362238
19.1233932617
6.40454306643
3.98493354017
14.652755694
17.7495962926
13.569275254
13.591909146
16.7972170451
14.1195773509
9.374428355
8.26614705996
15.5449086797
6.82822915646
5.53363188687
17.2406724991
19.4163620004
11.5496833891
5.54077434684
16.0632622608
12.816237142
4.01791694714
8.78472565547
6.98222398114
8.90123392453
7.41773609374
18.7013297015
5.22186214842
4.52965023256
5.62447645934
8.78725066468
5.21365406594
13.0681149085
7.50726989151
2.29475806963
18.0521882774
2.18977961506
0.235885319353
9.79818981016
11.2648983482
8.83938252901
19.1042889517
17.6253397019
2.12499349235
12.4052425634
15.3094033687
14.2460247511
15.6312212157
11.6148804569
8.04397289528
16.4416001879
17.3261625162
13.256888238
16.5994807555
10.1536620705
1.69231954271
16.8217656813
4.67518333987
3.14819846941
0.579222949261
4.07140197165
1.29724726024
9.83405012731
16.105833934
1.84059368709
12.1286747135
3.87528963148
6.94049372532
1.46764926804
19.4824113098
17.9202370151
6.81138032912
4.63828858342
17.499776459
14.341025206
4.08023840234
7.51893466075
11.8362011418
2.65089258252
13.9290918482
6.47942339507
2.61631814668
4.01604301993
15.1834007788
3.40068912703
15.2670729324
13.236714336
12.4477622419
19.7096415366
6.03364358957
9.95391086415
4.74742924532
11.3312966873
14.5868125675
19.3735412603
19.8654222968
8.98909291369
13.8551634258
10.5387876978
17.2721684194
16.0941512985
3.51020684971
15.7349906604
16.0710976903
11.6936088405
11.6558826395
19.7580582817
12.727810307
16.1183111648
1.400769968
16.6126096943
19.8689910916
2.73592158167
1.69792236105
2.67934530455
17.6235289353
6.35379334386
19.9220759861
16.113846286
17.3069664969
11.0915896435
1.53573206857
18.8981135148
17.1846875399
12.9437407183
19.8352531453
19.1468322323
9.20977574549
7.42521447153
8.24220240464
7.55853058463
14.0959047196
2.00284721473
5.90615058612
6.25486771982
12.7779630924
10.8655309105
10.6385261007
2.96937482145
6.67566073255
19.9852117466
14.882940025
8.39609057627
11.0992073635
16.7903450056
14.5247623927
4.56637441979
12.1071225858
2.74254068849
19.4585956913
6.9883498022
15.3219954499
8.05490339593
17.4761508799
18.1589800586
6.23863930576
10.6605885571
19.9252603333
12.9879048474
19.500731503
14.6068057626
6.72142226946
14.3095846239
13.6113364999
10.4864177212
3.85192851366
14.5292362285
4.21433969803
6.2448106755
5.3374636641
13.0646566557
13.9372115448
8.89144575366
18.9658323217
8.9582311156
4.41876439475
9.87509776379
15.1823356343
8.09006626261
9.70034336115
19.5112106435
12.7440712841
1.48954837068
5.34106705391
11.8717464694
11.8804356155
11.3024270773
19.1219562516
0.497837174928
5.33525102517
7.24726969319
8.69573920407
11.688959519
18.2703110976
9.52081593071
12.0435880236
11.4939083107
9.90853545295
7.19635277435
1.92898843621
14.8559895328
1.27597673192
10.785095918
1.14700983291
9.93065677728
13.4592058644
5.76205492141
7.66380057336
3.79573055805
16.4236084689
17.0651444078
18.9026967837
15.3777608634
15.745029873
6.28361686149
0.506612113459
7.3998191689
8.81623115878
16.297125884
11.7179514067
18.5632983567
12.2582019185
19.9903891307
13.9673895159
9.2677483571
5.32024234053
17.3873526273
10.3293985955
11.0695239495
18.3976504285
18.5887562881
4.47425794998
10.6083697161
7.75957237288
3.7349808871
13.236045043
5.00392269997
18.8236789152
17.923686495
14.3512519338
5.10559383004
18.7220081933
10.0786764992
4.32893612479
8.73643391755
0.729571307275
12.8081664447
2.402368542
6.77345560678
0.616127018758
13.3558116692
4.23567405989
16.7356378007
2.68656012945
12.3066649709
0.384776527696
1.35387529703
14.2836523579
10.8432088435
5.36154447801
6.28122679181
10.1563050393
11.9237810281
12.4902030434
8.15195343736
1.17141225381
12.0791981126
19.2786598909
3.78062617658
9.984358456
18.5005184491
16.9335095956
15.5587549778
13.4662708858
4.97618323185
13.691493524
11.22752482
6.12950663953
19.098579366
3.26527374781
0.892798179912
15.1213391147
10.6592786634
19.1415791432
13.5838712326
16.4212789231
19.714461899
7.05653094597
16.8879510891
8.36684905
15.4628880272
12.8925851919
3.7135271517
18.1163338522
18.4594442452
19.6915375599
11.4964722029
2.07203186513
18.7539178932
15.1944355513
6.55060892752
19.9307675018
18.012752556
13.6243574074
7.82767679871
19.2773156773
15.7115477505
17.8202140342
13.5925598175
2.97128716938
3.23923546565
6.00071851569
4.49520085821
5.22303592648
4.74179764336
14.6908456826
10.694013239
4.48437683086
6.54872723388
7.47444306139
18.0265092813
14.542459936
3.10267790649
18.3074760617
4.66923183753
1.38935094504
19.0034264931
19.2725878525
5.60313380882
13.3229825223
9.71352450614
13.6900411555
1.66172870767
0.728542098306
8.27454106678
18.901588226
14.6323562837
18.8117308718
2.76648537668
19.3146085781
17.449159724
7.07086099277
18.5140722662
11.7576547922
16.047194861
17.7104684425
13.0406926436
8.83543105024
9.86643898233
11.075186925
14.4023668094
18.1551462265
0.412460416087
17.170778988
18.483781199
12.91667449
11.5572150486
2.59310252373
7.09178840975
4.87214746675
19.1650372221
9.71207785796
5.60668217556
3.38041922475
15.3606277479
16.3091843063
6.6709782406
4.79796514075
5.42218093264
11.7366983295
3.83093387048
2.78111158417
5.45099556135
18.653374098
5.50519473909
0.306635192651
18.0416815123
2.84587283032
4.09607751935
1.32294826365
10.9397873745
0.535463371503
3.0690227762
17.0371886551
0.437180246972
14.3129255086
8.71350463301
14.6837336485
11.7112850496
16.446069612
7.79119812409
10.4591555036
1.05060416618
12.527082295
9.94734936966
16.8156643815
17.3874520389
4.4898934734
6.1237813563
6.27760520911
9.98207732231
3.88624905853
10.892002889
8.55456505928
18.8039995041
19.6988325331
7.7561903506
17.2421093256
13.1701485324
2.7197936279
14.1247667455
9.61155407
3.23997688454
9.1016620885
14.2300490337
19.261631283
2.83272321055
16.4793546542
17.3286438664
12.4003244491
18.2758204765
8.98424314484
14.0294965101
7.92123680323
15.9739674322
18.9898466657
8.64288083966
7.6298920546
4.31164899998
12.3974554892
8.42257932813
8.30114745317
16.9830074523
11.1293620848
8.90083515016
11.5128727774
15.6123407447
9.23445044625
8.88317226698
1.1365035879
16.4480536693
2.19628159956
9.90518471135
12.3642446592
5.33915007025
0.650053514282
1.04426502971
11.2933705082
4.25694307927
0.651460481964
12.3441278857
18.1312329025
14.6599948663
19.4880832101
1.69146649538
4.37147656721
14.2169313683
5.72506618147
6.59804913636
16.0663865465
14.6340993447
6.76381509557
4.85621366327
16.6086537125
10.4502986029
15.4566047225
7.52706144491
7.17222813602
0.551472614872
11.6457823504
7.52346469867
3.78345483266
15.2679976603
4.95385332566
6.8576731389
7.66656014127
18.1907849374
5.75602217666
16.8957885654
6.51421134172
14.2437113158
7.04482911079
9.98300749838
16.3121928137
11.0346636403
1.43887697993
2.95022057482
12.4490693451
6.01848892509
12.5478982925
13.4984566445
16.7037280651
17.5985822799
3.58703222784
13.4891888351
6.47049958114
18.5979452122
7.68442303937
15.8670063491
15.504791545
17.7965087602
1.31952044958
5.31630675119
12.0777331191
13.6979310605
0.62826093331
1.35403553097
15.7405233569
19.2626187614
17.4989069003
14.2802184032
2.39847999439
0.642216793194
3.35318703877
3.79446704995
18.1396760268
14.7308672959
1.59428226373
4.03156813406
7.05168367274
9.19111490923
9.02522378455
11.1554000178
9.65683520153
14.667476106
12.3203840284
9.51290579448
3.3905765588
16.3415088195
13.053462534
19.579283832
11.4595756398
12.3303789644
17.0792760527
17.2079822223
16.586375477
2.16600565384
2.66808011048
15.2324308738
8.53132317631
0.269546923532
0.209086925302
2.61926747352
12.2897267704
13.532645851
14.179944807
18.918804697
15.1010747731
2.75340653924
4.59872566971
7.63217683605
17.1098040837
13.8067672039
16.6461400325
6.68087278875
0.31382682994
11.6852242933
16.0399430477
14.0573033322
15.8241050526
15.5037440399
8.4796755706
1.39302363123
13.2756846733
18.0671793645
12.9235081966
4.43730158541
10.8537735869
6.39821741407
6.73201002166
1.35837893146
18.6638150026
0.599117641544
19.9823564997
9.25249476772
18.4184930502
17.4351631002
6.62673397578
14.8604944594
17.3176557626
11.7437179581
8.23099338233
5.61060989594
17.0107301001
18.1643946596
2.24728927635
6.70490692259
10.0714448522
11.7133785667
7.68207677007
11.1816416176
5.70151187344
7.15032751333
11.2082771126
10.2129361853
6.82915777898
9.40174664172
9.08804953703
1.7072267152
4.52342569697
16.6192820411
13.1673853494
13.7681219266
13.9283325616
3.46215088871
15.3804307513
6.44080170741
9.95785435418
16.2884324465
5.15652343553
1.95134330231
1.03212086843
12.0214069585
3.04509000742
10.9128499888
5.42758379858
14.4809858578
19.7816558594
0.573410444524
19.4282142572
15.8607647382
11.1599351899
0.725299158067
7.13600126463
8.83157733963
18.4503806469
15.2038130962
3.38254926048
17.3206067038
10.8868428737
15.4505499989
2.49097614876
8.56318993774
13.5090449182
5.90864783307
6.904914486
15.9685567318
7.96814487149
7.44590198192
1.33411583105
1.24467751679
18.9085849529
2.28006391734
9.75356805361
14.1724010862
5.60388773386
17.214273835
18.9268464433
1.65015170018
9.56100008571
1.38128918519
16.1932734483
14.9372947367
9.15568994812
4.73769364651
13.1640090888
13.2112781791
13.1223310026
13.3817397877
5.64306922454
7.72675359563
0.598921414766
15.5160467044
3.83649163349
7.27794111263
10.9915176532
3.92469170524
9.22885339355
13.4562904141
17.3254097197
2.17262365199
17.4685687576
4.31359829434
19.6462351288
13.7378970005
7.52625491512
11.545752034
3.24059271163
8.26361247879
14.4027356187
3.51580566041
19.2064583292
1.1181539744
1.79784552546
19.4285982857
2.28519419818
1.11911841416
5.67223781472
17.0424488334
1.31260964196
11.9741965458
1.44097152745
16.5094005341
13.6315792311
3.51030820447
18.5219066731
16.4793709639
17.6228972385
1.051994143
5.67192479034
3.62055149887
8.29638233643
1.61884020013
0.704274855175
17.6877774714
10.7009729443
6.6212042495
15.7897324548
9.33038293707
8.52829605778
9.69763803547
12.6320332443
17.6828214021
12.6968676638
8.39855937279
1.84771387792
15.3432060514
16.125206232
14.2923032623
1.97131853676
19.3564999656
14.3664524121
1.01618786743
18.3846216344
8.47954074933
12.9722868216
7.81150333767
8.01381875561
15.7026460108
5.54537133587
18.7908859269
19.8681442217
10.0479954952
12.444263609
10.179335696
19.9015070453
7.97173483989
13.1024699065
3.01563610219
3.61649161811
11.697334528
3.06596166039
5.83798508139
3.79462978308
19.1317096597
4.96833938203
5.66431980745
17.262014863
14.4067992592
4.60713683638
18.4016890338
9.03612599812
3.06961472206
18.0936758844
7.39997446154
17.334378429
5.74002203226
3.27283731964
11.6978968888
6.93918049208
19.996341081
5.12971099054
16.4772429855
8.60044033708
10.4214529971
15.7810159548
9.33751932144
2.81099595681
3.22732825192
17.61379487
6.01051955758
2.00878157544
16.0504662157
7.58183012461
10.680399125
18.7989217223
2.15120179286
1.54666369496
10.2886446609
3.65279756251
6.0433068451
3.80040655096
15.5851775664
10.0027194439
9.71513557086
14.8469850682
15.7065706985
12.7355240676
6.94130977165
10.6804198213
17.2032046872
0.490503163705
1.88236194079
14.2364714582
19.714220427
5.09284698334
6.73019091938
8.01909982972
16.7185437758
11.1950075898
16.2958156665
0.439980596879
6.63297339614
3.94885994324
9.66175324976
5.9154086443
16.8408164656
2.2592752273
17.7085272685
19.411419774
3.34217785154
15.7122211114
8.39446149839
8.2225193796
11.9295419705
16.8824109051
12.0507266112
10.9516077383
2.24776653893
5.56927672246
3.41133116981
16.9104991602
4.75494013004
11.0560996195
17.866469144
5.94511269864
1.77675587892
19.8967143761
10.5214062226
0.556367287213
4.11984927342
2.01239334279
9.44625032798
1.6001304935
2.7836460521
13.3645827446
19.9558096926
18.4969121545
17.5907600321
10.1020720326
4.39212560636
3.38299262203
19.9441674902
11.5932956829
1.09126105594
10.4416634585
19.7414051183
11.9546979688
5.80474355382
5.64749630864
15.4060873191
15.0641308015
5.43762654711
16.0054584189
10.636271792
6.10318695972
3.19970964318
6.53852643122
1.9962892613
17.2109302095
3.01132458698
14.8049303895
6.38677643889
14.6816416028
13.0266831139
13.9508833646
16.0797882607
8.56180005746
10.507632699
13.297553482
5.87917170075
2.69737225408
8.4277435506
15.3689296287
5.12088568969
18.7439896377
10.4110374111
11.3850677253
11.6644364873
7.64926066459
3.54833054662
0.342597784374
17.2106563087
12.7912637328
2.80906066993
1.59782871375
11.1634643976
16.9225604273
15.9545918831
7.43784852885
7.08093913552
9.89536390406
1.06835626314
8.20126703655
6.38080271521
11.4123544518
8.40637431965
2.74565630383
18.6714499008
1.61445466542
7.36838733059
1.38809742983
2.32832918479
8.3036138104
18.4345087276
18.6680175387
15.4842078118
4.75782792498
19.0407028208
10.4479555455
17.1082483906
2.81112523666
6.91541543554
4.3524869207
3.88617210391
18.9377412927
8.92252609582
1.15801189358
8.93719579484
6.91843258432
14.7216443589
19.6668337406
4.17090606571
15.4740014857
13.1229413139
3.39007270288
13.357925426
7.00537256417
0.280703709863
15.62938173
10.0755463809
1.21255754966
8.34190628122
4.54542109771
18.8525536032
2.94132288316
18.213844883
5.13913504778
2.03735793323
14.1153092639
17.5846361654
13.3702450697
9.32963449534
17.4089875866
8.96105207946
18.7917698422
0.623310915455
7.4250039501
10.7827157578
8.30665457403
16.2950813972
0.43869383723
17.9275831674
10.034338472
3.85731842871
18.3346914663
5.56441787358
6.14494607581
17.8458845453
5.54394097341
4.05142071223
0.99377749513
7.48451455748
5.63892365256
6.72228667472
11.3822551388
11.9769179256
8.93171595832
9.27570233898
6.64238970076
5.1317446367
11.1564256582
5.66785453097
14.8804235498
3.38295336857
15.1970597468
19.6008064508
2.05545908357
5.82656830258
3.38126566437
5.67910566992
14.2319444228
4.27231976627
1.0445773861
8.7158388861
14.8824842879
9.4771389923
3.76364024328
10.9864414871
14.3818654589
7.03676417896
0.37861647466
10.5780496027
12.6323713117
12.4212958745
17.1344468886
17.2935251309
17.6387929656
8.26870242421
14.9129561964
13.3403915716
13.281433823
8.9260453237
18.6710626933
18.9219143785
8.48258175704
4.83237125051
4.18941710543
13.5087196033
10.6500458492
10.1869647553
12.0758960813
2.33732655062
19.0325786559
5.04639645487
0.550338324747
19.0051744258
3.5299745583
1.97169156312
19.9594365819
19.6092821727
16.7862389589
13.1133091409
14.2838422514
3.84237376912
1.61012157976
4.26387851226
8.03321842086
2.12312467828
14.8199502025
9.54082466176
18.74624375
2.91817877087
10.0227197524
12.9979070146
7.1694765927
8.0145256762
10.4210575329
8.49073845191
14.063476587
17.2161092191
0.876450884853
18.5228387062
15.7083710853
19.5821023876
16.6131492628
7.11644023583
12.0273575451
10.5185182039
19.6783180895
5.71616703042
16.146611962
8.52674754291
8.08454044968
11.2771577481
12.7875808778
0.47003212484
15.318695228
3.17993937647
15.0065894139
4.84774231153
11.2232626333
12.5031924615
6.19596169842
6.80784154551
19.8794312234
2.43193273265
8.52755268937
13.7645117622
7.65191399462
9.07842255541
14.5431345537
8.61706254986
19.878900506
0.21232425611
12.2288559914
9.01569341594
1.52301526898
8.31172380188
9.69066379525
12.0583431376
3.75300323246
4.73153157913
14.7928529051
1.21932047986
6.17092919185
17.8073565048
9.62722366141
10.1023944576
11.4925707692
9.01822895232
0.948581041848
17.760982757
12.7238207041
4.53142656517
2.60662744192
9.10340554572
12.4408878793
13.3043384308
13.6057283613
4.20905550784
8.46565180143
7.88211360728
1.09402491218
6.60933095927
19.2660183198
17.1813371972
14.2081914359
12.7840675552
3.20011834195
19.6481793615
5.80835778161
0.305645300643
7.70881020448
15.1291631589
3.92731738875
0.948552162032
5.14278277551
5.50779869639
11.7881485171
15.2637491736
14.3718576951
13.5946089241
14.0241656642
9.34071542546
2.95003077362
6.32546221825
11.0357461543
2.56783022006
1.11269919967
9.10920333824
0.686586831699
10.175219562
19.0163525612
2.31014016037
1.41319573651
6.94973615382
6.51204348384
6.95644601446
12.0708614691
4.7168686239
6.22256174958
16.2665206846
9.8820328974
7.75396165647
5.91751574645
4.93627678032
4.46830592495
4.35827801153
10.2171655798
2.890292195
1.17124057495
6.52925015951
10.4285288464
16.5558611491
16.5389062911
7.44210406786
13.5754095949
0.558130845434
7.73942577829
18.9458349427
13.4711458315
2.72436658478
4.79309482525
10.4420432469
6.21266181088
11.9828923586
7.89433962158
7.88641696998
14.5605109799
8.40212936504
12.941221287
7.16292052846
12.2045347903
7.39361810381
0.683345023408
5.22044484838
7.90360821299
11.0398663748
16.9837187378
0.392389741938
3.87994653467
13.9800707741
7.33907734076
11.5205067294
3.07299163695
18.8415066995
16.7510692247
9.70278214756
18.6070210566
10.2710146649
4.27943864163
8.76960696759
9.48512676006
4.14351013025
2.21528649647
19.4237584758
19.9699612323
7.74127821715
3.27213742081
7.10471130738
4.88478528463
8.09239261365
16.7746177663
16.2993562812
15.596094759
16.9078236397
17.232747734
1.53575335147
5.10016563296
4.65402838944
14.0201800649
1.6301133318
7.33842144252
4.30171284684
16.1422530365
6.62894696028
8.4195964697
3.21908554516
13.9852772787
7.96555092657
10.015637445
14.0993121571
1.75434685616
3.56434474348
15.4920783042
16.4088558776
13.2883341604
0.320982356812
18.9456464826
16.5536406846
15.6219619632
11.3680223143
6.24527910526
10.0077801985
19.5230689511
3.46703342481
13.1034994376
19.4698453202
14.7765151877
10.0189147
15.9298627039
1.92681741683
12.4479728006
12.124859257
17.9736125256
9.22074925735
5.10378062537
9.84412644071
7.93008346562
14.9894104582
11.6866932126
8.73079347362
19.7661685247
16.7241162664
4.47138327747
16.649936146
13.6305681749
9.3327222674
5.06788472469
8.50192098795
18.1954328411
18.3557135615
5.27814461889
12.3749205529
5.69335705668
1.80906379343
1.30048303532
12.8973183965
8.35195774902
8.55191484932
12.9153206003
6.59486909864
11.9158350962
3.29299266793
17.6184983878
8.95908614217
7.40942851302
12.6276792946
19.7867879415
5.67590954198
0.525123311061
9.86833735458
4.04147855667
3.92818532931
3.92539508031
11.3922638641
17.2795051024
8.48927522276
11.9434919191
14.7402027813
15.4925603482
8.82338451578
17.5766182644
13.6596992818
19.482866041
4.45694781946
19.8571853707
17.2416426921
2.1334282746
5.06035868113
7.83524473452
19.5128052642
16.572497055
4.70521352801
19.7004899232
5.60720480467
7.31780857215
16.0797220047
1.71232082034
9.765327058
11.6825538099
14.1347790269
6.25032143519
12.1251676741
4.72379064011
3.02936603829
9.46677367904
3.09216074597
5.67304681934
9.47842120462
16.3058476181
2.13248578264
10.557497348
17.1449548947
18.4753354447
4.00325138308
14.5165393485
10.6127075989
5.91472014948
8.11389444716
0.951468018193
2.85629573575
7.4559452531
0.569398005989
8.14770259546
3.78178922095
0.41766749463
14.6075424154
6.02063863979
7.34541911001
19.1471892495
3.34517553633
0.713909600563
10.7912774034
10.4002208965
16.1021577253
11.5846045947
19.3427447858
15.5375777279
19.8541175402
9.77955125358
19.0662926975
18.1848219187
6.88955306434
15.826912151
9.31355917973
14.6562820778
17.5101343857
15.7724665782
12.0647928754
14.4473014462
9.12649479636
10.7469276682
10.6729809858
4.16240020222
10.2923731452
1.94465940939
12.9986668092
14.9201909445
5.2147933347
2.33957445254
12.1976651644
18.0945843496
17.9375314728
9.62882491688
6.52811305664
7.10802107698
4.98669572664
15.4447031407
6.69973252112
8.95561091961
12.8080830037
13.5770418354
14.7686222477
13.8458235379
14.1526730733
13.2365464688
16.2580607007
8.00042876485
1.12697369533
15.6369321584
6.54714736393
5.15079079047
16.9204203854
18.5355050077
1.35386529776
17.5096281333
19.3627797086
14.779812851
18.2961074314
15.9309414769
13.14629755
13.3753241227
5.54914118928
2.49582806312
5.50228831611
7.73467942216
6.50089747262
18.1080864354
2.0627524957
16.946848909
13.6845902814
15.6153268465
4.72908547784
15.0507882032
8.46055299217
6.73930024141
10.0583001993
15.0354707682
18.2784123429
8.52668450199
8.86979255361
7.74659517726
19.3619310172
17.3875304118
1.10724672262
13.6462872925
12.6050975347
11.0640019929
7.28256219608
2.12795082362
2.84450460861
3.77445868158
2.94600235152
19.352231091
16.654617979
15.9561447573
18.2262249923
13.6227987579
19.7301088259
16.8138921215
12.0685013336
3.06556945178
2.87682633668
2.97010955332
7.12513028507
12.9017794165
9.86923069264
11.2024490436
6.81446781936
10.6925830271
9.13196808858
9.96110054929
7.72502853641
14.3641845222
14.529799313
5.19907787624
13.1251458302
16.2439760434
7.15074006786
14.7016802582
4.27252765171
15.2883762186
11.5038262052
2.19758818338
18.2565929675
9.02057306244
16.8278397161
13.396170552
19.8731038554
3.97720133851
16.7523674365
10.0106360745
12.2699389913
13.7442180709
0.475541217589
18.8595210856
18.402587493
6.17464619601
17.4912343232
6.3255570077
13.7388463618
2.02441228757
5.43226267528
19.5857502082
7.96823794203
17.1675737218
11.2881300272
1.47757916526
1.34264451633
11.2215863649
1.64711391172
11.288085104
15.2887787479
7.20381828661
13.1604256271
5.12178229266
16.8919952944
2.34361349975
7.46185799232
1.83235795527
15.0529959273
19.4273892207
1.32096886593
10.8988826581
16.4584154742
8.36061575188
12.8728566676
3.75850792192
11.2781213354
9.74512385053
1.42520255721
16.4021844788
12.1981092295
7.66909975148
19.112211755
15.9964677454
5.74504904559
9.27408282922
6.2635674336
0.388196355002
16.3960115446
2.65343747221
6.07999474717
8.53017465581
14.3907811671
4.10225707898
12.2318045359
19.6478500148
4.09592560165
17.5081869743
9.7726429229
12.0982678714
17.855285126
18.5749027237
7.73948404565
14.4362359404
9.0112154645
7.54008016063
17.1857809444
0.484563937063
5.44322262799
15.9165146603
10.1509755282
18.7268116457
4.82007616114
5.50819303237
8.43656116174
9.138360604
15.1509108805
11.2206153291
9.79343036986
7.19432146928
12.4948860526
19.0985012313
11.7960931225
11.704896648
6.67561866664
8.21897956027
3.40128328789
3.02445135095
11.1360982824
6.97023844317
4.12811912771
18.3825345327
19.7045246121
17.8352457813
2.71564752594
3.93988116729
9.64105768766
8.04504684593
4.4127687967
12.7794646918
6.95315536104
18.2153204452
4.94735951137
13.2138107342
14.7991039496
4.48405759171
1.9782449376
12.2047049858
19.5489004646
1.07881296009
18.8202943537
18.2115797972
6.67760542922
11.9532654988
7.89852197937
16.2839903426
15.3069940988
4.34600235515
9.72582085454
17.4043334227
19.5359328135
9.9209022636
14.4270808879
12.7207190388
8.83538270351
5.59987971266
19.8181969325
8.51809320463
18.2463090022
0.900168045873
19.1448270162
3.27670449622
18.0935600013
18.3320381393
17.1367695223
19.174960626
17.3320141496
5.62405574961
6.98246471279
13.0727768552
1.8419291761
6.30990738413
0.494506491595
7.96403488123
19.3231640452
13.8577251152
3.89516798099
1.73931265347
2.94294367955
17.3120871349
15.4769831851
13.6783846948
17.3869713765
7.90446689726
13.4122498082
9.35221094205
2.1240579108
1.2067222383
17.5415142249
6.97934331716
5.7737581674
9.3740189164
17.5901392773
6.80066106876
6.01435519052
17.6020131354
0.553226290678
1.94525495676
9.39124694481
10.5962448146
8.4252567108
9.82442299451
3.6794872958
16.6738666581
15.154988825
16.5530726437
16.248383665
0.319161462749
10.3986013609
1.43263531948
4.01663889915
16.8922559643
0.879056504744
2.2822946657
16.3525944988
16.2773746146
12.9347727377
9.72697670219
5.9509942483
15.2402464496
11.1296718835
5.72559677887
13.4936911647
17.3388449113
2.20973843029
3.54355858124
12.7626973378
13.2715204023
4.48716126087
9.49493032581
16.4988771572
3.00809965117
10.6140447045
1.48853111527
1.10323934884
3.83674699335
17.624851503
10.551493959
13.0675750888
14.4774195749
16.7841157499
1.85059265285
6.12029526447
6.09298115362
12.9208552267
4.06125935934
17.7765424624
13.8797412612
5.28317116535
7.85582092028
8.75069998108
15.7423532017
12.8912394845
9.89469816938
11.4721741662
4.24750624682
9.56718528096
18.1085465886
10.2407793408
18.3976227216
13.1244565977
5.59348762311
9.41849482452
6.19389071965
11.2956610853
17.6435108886
8.970530656
17.8649161636
17.1488315497
19.132123543
17.7167008156
2.71864798222
11.958437525
0.853928497426
8.05826194241
9.22173176351
15.5533783898
13.8424896578
8.98260044574
13.4245730709
17.9619380371
4.98207247101
7.36086688368
11.8553100712
6.42633301613
19.2755941484
2.61010180773
11.9175211765
8.78013070881
3.13367612015
5.49458970474
4.24020767546
19.6308522002
0.753039150784
15.5044821475
4.33054114247
19.0667652139
19.6843758448
15.5715917254
5.74252654019
3.7002052136
8.20778230136
9.31770588777
2.62293988624
7.2615952667
19.7366487986
14.0735611841
13.4980127297
17.6812269924
11.7559131805
1.47396189457
3.83365019955
15.03269754
1.17106378609
7.18029959655
14.0022075711
17.7493636048
16.0264610091
15.1387575971
2.51615695641
7.57218163937
17.9613182627
16.3010681042
10.5603830279
14.3869465287
0.662762044328
2.65598196065
19.3022336183
8.71842582956
4.1625118922
2.8494412894
8.18829628155
13.1338934369
16.6774789718
8.80161290639
10.0039716966
18.1627217731
15.0510717045
0.301026763043
8.10816469284
9.43177713652
10.8019430617
2.08901969597
2.93187163566
13.9810409954
13.5076391196
8.02867040278
1.2743470918
9.29479619451
18.7107884894
3.33699122997
6.76847133823
1.18856477959
5.7420555728
0.753188340391
2.56897737926
7.47420950174
4.97635013208
2.92239684284
16.1761890643
11.5731370327
6.98963377443
13.4929639827
17.2463977451
14.9341420276
9.5560226767
18.8306158049
12.467988575
4.45849414619
9.31122268448
11.3608360127
5.04778251235
18.9454566402
0.589232732193
13.4167615493
1.99874881378
6.35934289382
11.604232631
0.875969145322
7.20073692435
2.59930942917
14.0095036271
14.7807127508
19.0388932311
12.6800705756
9.24253018748
13.9568188605
16.8463980252
9.91814692409
19.941913704
15.4977102379
6.38634565036
17.5788193214
3.79214111332
10.5584517145
9.48081427958
13.6884081036
18.8980974334
17.7179731456
19.7338011737
17.0529762974
12.8769660182
4.53462300608
15.9969000699
2.67921867373
10.2901940626
18.4384931955
6.60054391363
13.4235444347
10.2553065606
13.7965502555
1.40503635862
16.5381269816
4.98497058147
5.90069599475
4.88647189523
2.56123644172
13.3694868933
19.6793903705
11.3957781984
12.1436157152
5.74639957186
15.5315236917
18.7473395082
0.300446525415
10.8411449855
3.90373108713
6.3414531046
12.1669940906
2.46593391905
4.31624093
14.4380674099
6.28377680592
7.90678231894
1.53065740989
4.29847756672
7.03051362025
2.9011999558
15.6858705851
8.42741453172
5.4118339732
10.5746738121
17.9429025785
13.5660072816
5.23552474427
2.61543021141
9.13932334885
13.9277500837
1.36883509085
12.6858532454
17.0428978141
14.5569292772
3.70480339521
10.8286637881
11.880926413
18.3088630606
13.7646569715
14.8553322705
18.4842956873
13.2791297472
18.0102472272
2.6063846878
7.2254120245
6.16701713193
7.41105878167
3.1361611396
19.4732652516
11.1582255069
17.6179033909
10.2004773065
16.3463349435
9.89347611428
8.89907101144
3.16517263436
18.24836125
12.7202323607
15.3624161031
17.4911087332
9.33131278732
6.74999023165
0.832360141833
1.59245407135
19.9054257241
2.92229461874
4.06255546617
14.049813485
16.5834600566
12.0639216828
5.43936219004
4.32008223222
3.80181008431
9.49177107875
0.528893780241
17.712612092
16.8767516203
2.80451533252
1.21529074116
18.7233501017
7.99808652103
7.09816067045
10.7130623859
5.76884582813
1.1638046742
15.7231779492
4.81572736173
4.32597346474
3.56698726328
10.2383472797
12.0785396087
19.9061231263
1.78079004704
4.78355057108
18.3853888968
3.05940736384
19.3553614785
6.39861008211
17.3598939748
11.5527825397
13.9250236983
0.69582555167
11.479870285
18.4658920171
3.14223741509
16.9515707389
3.84757274377
19.0230166702
7.1567415565
9.8654514936
0.493675961381
17.0529329914
5.51357720115
17.1054243715
2.66005008919
1.91455476814
17.9688060147
5.33233879116
1.01608088927
16.6446756501
4.73340029671
18.3795507783
6.8909988476
6.27998972766
19.7322979295
16.9343274152
7.83742673371
18.2362743995
1.35860610892
17.2756963221
2.18475120267
5.743550012
10.9166356321
6.79480373905
3.7842464376
17.6902394102
19.687973677
0.631356003624
0.295669890375
18.215219829
11.386526904
4.50122443068
13.4094260699
10.2019993742
8.48197885544
8.17343539069
7.71110343803
7.59880611242
5.47306775248
8.80624363443
8.62536862444
4.47225925071
18.8352874343
0.540014279674
8.29291445115
16.8571589592
14.6602310517
16.9456568948
6.74723959625
15.8389320886
5.13296738803
15.9373940061
9.88347403062
11.5082505193
12.5137031993
15.6173448935
8.5824324757
13.4661865992
11.6990087396
6.41070445841
7.35660556455
5.74453776607
11.6236945497
8.49437567531
15.8312467481
12.2212154476
17.3485996263
17.8999279133
12.6351429204
16.5854705959
13.2206365676
1.29998538939
17.6856269011
9.6840636187
17.4189666019
8.37657083219
10.2334584402
1.32014314551
6.75889906523
0.445648647389
2.50712220992
4.39249105535
17.9690798305
18.5948238877
15.7107990702
4.42497353678
12.2431399837
15.770033132
12.7626042997
8.92697395609
17.6961603562
6.65274929834
19.8989291721
2.97474809858
11.6010287792
10.3320632233
3.11579916619
8.90926124951
15.2843196544
14.4680802418
4.10008684341
6.10878874464
10.6442505073
7.00490683159
2.33282325656
10.2870360875
9.11212643037
16.079369621
6.19056299513
8.19676206018
11.2572297678
16.3600300812
2.20527423267
2.03572591923
9.5672577014
2.27000955889
3.94685417232
16.1254882774
1.17051788635
11.1635971052
17.2037931749
16.485057783
4.83923197699
17.7796601399
5.37151437616
18.5304825001
6.78787379635
8.44397671956
7.08263053004
8.02613959658
4.81947573927
0.738580530643
12.7603921095
16.6185383398
7.32812704319
2.4496349273
6.53126690577
9.68564444753
17.377678844
1.68361648941
12.3130295939
7.96597681631
10.353242368
7.777112435
2.67424820907
15.5898608627
8.81604837651
19.2711889002
4.39277349392
5.35886764591
16.8201842577
18.5398832417
14.4322802727
19.5449563168
3.20864748515
11.3314538068
6.40881435201
11.6836137411
0.848157070074
5.87777616994
15.2609682484
12.0293784695
15.2157991374
14.9782506251
1.28712661299
17.5843577726
15.2763445515
10.4616217594
18.7640732347
9.2715462553
19.6151735113
10.1852990263
17.7264396463
3.75477006681
19.0626694714
7.9000569284
1.33816789256
17.3521423693
5.35017251952
10.6977265484
9.66726344129
7.03155657515
4.2210690836
8.83137796402
19.4324455651
15.9652939033
5.56686426801
5.08131922404
17.4226006982
3.66120547531
8.29397634555
1.9317198626
7.10863510986
5.56203536099
6.16256586261
14.7448021837
6.5803305104
7.52442860319
18.9288670793
6.30442681678
6.80771123666
10.4797487471
5.18045826772
10.0481910779
11.5484576179
3.73916745746
4.11190364459
2.07076686556
16.3839008966
2.8659068684
5.06897549968
15.9403428285
0.462826853963
14.7565872667
13.1694605399
7.71896446629
12.8802569684
7.13837724125
0.768614312543
2.1690089847
18.5364040883
1.86995717188
4.65955338119
10.7644061768
11.2758537875
11.7947426602
3.59574493903
8.3350693933
17.9134006478
2.83340294324
3.68202532972
6.8405815892
2.67632114889
15.4961154371
8.57515377774
3.45689256562
16.2089094967
15.1664352438
9.62636652645
19.9821719606
8.07363184825
10.262017933
1.1981345964
16.7038510291
4.41936784016
4.76357574435
12.0137595945
7.44049983525
9.66512622897
8.80321640275
18.9081567576
1.75576535873
2.2153208097
11.1174431041
5.71887293518
19.5534200243
7.05444657054
4.02664192114
10.4210678102
18.6079622341
10.1678424263
14.1709600383
4.1505870201
0.785046446237
4.93298720276
18.8239997632
13.9046414333
9.80434336166
1.84444772557
17.2029364744
5.42629918187
1.53428604121
16.5078696896
7.84304071821
14.6749123861
11.3335868321
14.0514290746
13.8769160903
1.83097850438
12.9091416844
2.72375944264
7.05079010274
5.97635378952
6.61973040355
0.916150634448
4.17770061313
16.0368116843
17.3674839398
9.08500589337
10.1839872017
15.5025995086
9.67390368297
9.99434338673
19.2902104672
3.46080122871
10.4186459707
17.6548845201
2.0855476382
12.7610464812
7.68252300413
12.2996649234
10.1444859308
19.6198311331
10.3088123045
5.17160118327
18.1124174293
4.7428776418
16.6391876342
9.20004190321
8.11488240681
5.70461082157
11.9502353359
14.4019745068
6.63279688521
1.82149633635
4.79742581062
5.55270389968
18.1883128675
13.560597414
0.201515827585
12.7775634918
12.5659370144
8.85516930709
2.93710419086
18.57711043
8.39393918867
1.86898760977
2.48849673107
11.5969168861
16.6305111156
12.3802700883
14.1174447796
16.0609942203
5.96036551954
16.4052219695
11.6086326175
17.4450231956
9.08561979799
11.7425901376
14.0650910829
6.35573476696
15.3010323189
17.9053120836
2.06773641653
13.5794011314
16.1784347993
2.4839551459
19.7777790067
19.63531525
19.4551676122
4.83441435376
4.59424281411
6.4007051597
18.3146619557
2.24128076781
11.3104885006
19.6972581887
16.4673740783
19.197061984
10.5778126576
7.01736442807
14.7772236034
4.32363855596
2.14338859602
12.0104488639
5.76607661339
8.69130455878
7.4120398293
18.8995562944
14.6288238181
5.82432951764
14.9710588476
16.5719474588
17.2513449744
15.957868134
5.73352994741
1.15285303565
12.6450478873
13.5872753169
4.83321405673
6.47337368768
2.57465310799
11.1952133597
14.0920086161
18.9787070938
14.9833891675
19.6768829945
1.62495994494
5.41317718775
5.51805162073
8.30547371727
12.7728615632
19.4993772629
2.10053925629
5.60918087857
9.0529155607
5.16739127442
6.5246028828
7.01012131479
0.779510016008
16.094837733
14.9356469592
0.428311916874
3.08722480785
9.03351647531
1.66527263422
15.7233383784
18.7955672144
6.70882938868
9.77394643516
3.64477980216
6.57186797062
4.94222255895
3.94456977712
12.2074105099
16.6614667015
2.74500790476
19.6366617922
4.11738969804
12.7294183141
15.5130241872
8.0601277779
3.46346694703
2.27550361359
13.3588100279
4.69888260159
14.4566967773
10.7154337903
8.74245032842
9.78444553619
2.19448225104
8.74191974982
14.1217494188
0.985775364612
4.95901225915
14.8157268414
11.9873277639
3.19775782434
2.60569640858
2.52245565395
12.5387195736
18.7898694042
16.5654006564
19.7247273716
16.1952786231
2.63265693638
6.47921748776
8.93124857656
6.44358019424
17.090083997
13.2303409016
18.8811839759
9.67501821514
12.9814394071
2.06067248052
15.6947085306
5.57550058513
3.84096247701
16.9940754744
10.9526788154
10.9732506632
2.59408213502
8.47375728804
19.1553528919
15.895566001
7.68083651997
15.8804887533
4.83270500287
4.13407190324
17.2212944302
12.5345560525
15.1601669421
13.9166526703
13.951413156
5.79660584206
11.8469468982
13.0763741396
16.5660411503
11.5023631984
18.7294402787
17.5970017562
10.0989560864
10.9385120429
5.28220541296
8.53022723748
15.813719645
14.4808582049
13.1309372833
0.565990830757
7.0849021032
19.9515814825
9.19012681549
3.11565095539
18.5480969002
2.77350070545
11.3859146921
17.2779412748
15.799473176
4.5581535117
12.022045085
13.545170575
8.17100415442
2.5564156686
1.90573079913
6.54191873138
4.24506930453
7.86261907901
0.782126291739
2.70343091035
10.4282397575
5.89867818873
15.6193048059
1.28701419136
7.43661879485
10.1021509725
12.9278236687
7.13271756561
16.4016684644
8.26310335286
5.95433147413
18.2719892557
3.38840047214
14.9933531197
7.50617674857
18.9651044209
0.888678167489
16.3682382024
15.9477071656
13.3247988605
13.2674480106
4.13735365954
9.42654124075
0.374786996545
13.6059157495
11.8884877582
17.2881018096
6.35084152313
11.6458467972
16.8082928386
17.381214775
0.637936455656
11.286846282
3.64611410062
8.49844456515
5.30352574637
2.10220595191
14.4311975032
19.9490173696
7.10740745099
2.7021164922
10.5904524832
15.8360735759
4.61045653633
1.49895252382
9.27637139486
6.08442062496
2.75326135924
1.93102739072
10.4653639963
14.5827507781
6.7426160266
7.48262073427
14.3741048482
8.95709311189
10.7722618634
0.611880795259
5.41767054427
5.19617782779
2.4696426898
19.7879954459
17.8072825863
13.001293804
14.0750305907
13.0421253565
17.7237561145
7.4362821853
5.62401788608
9.32687021465
10.1065701844
7.44154566907
3.50678036745
5.42013358496
4.92899360053
2.19890818713
19.7084049796
18.5947988847
15.1618260986
15.2123535564
18.4052585297
17.6075389142
17.7020194409
9.14646801231
10.3327133788
14.7785734071
0.375182747447
4.84774089562
5.4568208933
10.3144566629
2.00023671017
12.6420806381
10.2525747527
6.91447993266
18.3914700988
8.37901899923
3.31745228712
12.7432220107
0.754998104784
7.89843050433
0.917257078071
12.4099736982
1.04564182245
12.2152291688
17.5174971426
3.66361907101
3.01630817597
13.643511672
15.6979116991
1.27811794795
8.05372886529
16.9408389935
15.871898503
0.258015465127
17.3486564323
10.8095042801
16.0545140455
9.65898304203
7.29011690268
12.4904458367
6.82147994682
6.42082420118
15.4072326886
15.5234254081
13.8986229435
16.1367863896
13.0844360131
5.01045866713
19.1451137038
9.17556125304
13.5500964275
17.916672269
9.5878774944
14.8053972828
17.1026915946
0.707536330656
2.48366641618
11.9384951812
11.4980974817
7.07300378858
4.41169994356
13.3220209935
7.62405573803
3.29059055355
17.1050765239
16.444140089
6.03772500468
4.58021802119
14.8881614181
4.11566313156
6.64421163915
15.2944624686
2.73211124413
10.3975739618
5.65072927095
19.1335276221
11.6928044017
17.8324429926
5.22380922676
6.56363800088
1.66809629576
16.1898062051
6.20889369159
16.5677090699
16.570425692
14.1178126896
11.3701889283
2.12174017778
18.1398172091
12.7022811572
9.27039727635
14.1043933985
4.35686045121
17.9288444601
9.8652330304
0.434592816186
12.8468317184
10.6380792239
14.1162719904
6.61682199923
10.6029066395
14.5640922732
0.799975817627
3.48403427178
19.1298504833
15.6159926438
15.2608865006
10.3135709668
8.98516180222
10.4402518436
14.7256869888
3.95969281974
3.72740065538
5.19886416548
4.73453385724
15.1924231422
9.90549527238
17.9941562726
7.26787429779
14.9194834326
19.9441033157
10.519380018
8.56296335533
1.57988646699
10.3794950919
7.67756751656
3.8672898033
17.4624084755
18.5979685437
1.59478887951
1.67622648048
1.05570051913
13.5833885986
14.8636756096
14.8216279359
19.3654323926
2.88008517801
3.13014995752
17.7315445197
19.0316003876
4.67419418518
7.52874853719
8.23651883293
6.71139009148
3.06149515972
2.10759373256
0.703367077378
8.51815855374
10.054704748
11.2589076657
9.83922383317
3.68728147663
6.77726353194
16.6755916409
9.01156775924
6.12986368991
2.20277708374
0.857059024427
9.48939560198
2.18580930721
5.06548131516
2.56280055862
15.3454684121
13.6520622942
10.0587004563
5.8374503178
19.8527807925
7.25877058981
11.3894685622
2.27831109712
17.0290015448
4.22428363177
17.9015996988
10.3503816975
1.24736513037
7.12560796927
3.68646620969
12.4623200881
15.224561561
4.89846457244
10.2283979705
17.8554946696
4.63433901097
9.84510743948
4.7699372998
12.5400368014
13.1023699831
7.20537982606
4.85555032797
8.39840046005
8.42241206236
18.6315102927
2.41883260932
8.23969831964
10.4878804868
15.5753812914
8.51166864855
2.51353385606
2.47648068408
15.4172676516
17.0499118798
12.8091465622
7.21191590643
17.8683712149
5.34387257255
15.0897434499
18.6398263696
0.770172226107
6.19168370197
8.21191068372
8.86894657145
8.35886616846
1.47706748639
19.377908235
11.0402759157
19.0811412922
16.3390367876
8.72656770061
18.2941401845
13.0691981789
0.973552358539
13.8680006913
14.4833459706
5.24689184094
4.11191915801
6.25978983467
9.13155071296
16.9966475956
9.87777582072
9.6713864839
4.09335635226
9.41709044062
19.9586147503
4.29625825315
15.0190841395
1.31556724684
2.35490187776
0.243119410491
10.9488136063
4.53318400797
12.1547221193
12.4824699683
10.2283303234
10.3091553618
2.70379421407
5.99333229376
10.1515379108
9.52186719135
15.1638875072
9.35589331788
3.8932577758
6.18977197893
10.9936234841
6.9996656966
9.10821065878
17.5221811565
1.6628566761
11.8845999115
11.5615870793
10.7291119235
12.3233787475
14.7338043147
13.3374685571
7.75878392964
2.75244731546
11.1632298036
3.04189473895
15.8191662647
8.99844437805
6.72994032093
16.5608829371
6.67406789961
1.24423214717
7.24501824207
16.4513990262
5.05027260416
16.6682799693
16.6367160243
0.96409653646
18.5012012839
18.592485405
4.10149598257
0.601107656761
17.2154708685
11.7311229416
13.7511910355
0.533300967177
1.61957895094
8.39967433583
17.2888148124
3.05277506318
0.358326841661
19.9043799894
11.9405569975
8.59898093296
17.4301054922
9.31247611983
15.1878584164
11.4445925565
11.6984062673
0.628008243124
8.77078439126
7.62990949345
6.27148555171
16.4201599107
10.6487355641
7.68503046565
14.7724979827
10.1756133213
0.331385066072
18.6029474246
4.44295129814
17.8254081976
7.49706531372
0.460409679359
15.602416757
7.47564501029
13.0590717413
14.2988624089
16.5752452905
2.75429761082
0.843666464102
7.65515950024
2.83810782418
12.5015879505
5.30757982483
17.9244162894
16.5931037495
10.6083551081
19.1464293646
18.8504266246
8.87471068907
1.57803937892
14.8156856288
19.6940665594
15.7669989239
9.4158524679
12.8765818297
13.6112905912
12.5249101114
15.4265397668
9.67403227656
12.7856521914
11.038119216
1.98107650175
16.353878831
8.23762498716
5.10010067974
19.2587273911
14.5219893527
2.23937379918
15.3070243154
1.79217711397
7.36345491423
17.5551620368
13.3317838364
2.13020978255
14.7788179209
11.1936366573
5.20917748334
7.39619814341
12.530896061
13.2019306695
17.7873305515
7.80336237166
14.3174230427
6.54522015648
17.5214615571
8.75727117897
16.7452433878
1.81244648405
2.87441544531
6.33698437355
1.20437646971
9.08797728968
18.9436559977
12.1743488428
3.39925222018
18.0772537123
3.05744360514
2.16816578311
6.91126692499
13.4715812201
18.1505415522
1.31639217713
5.46629822486
3.54060600765
3.89504249303
9.53543273927
15.7006940738
0.899265966711
8.72223396961
11.6730900251
0.996119396203
12.5015974698
19.1054495957
17.4093127554
2.98357399398
8.88561136306
15.318689932
10.2609991196
3.09295163413
15.501806279
17.7257937579
4.18466742349
9.43609242782
14.6659193733
4.40800581182
7.68629323392
9.91210684997
3.38794544141
17.4552213473
12.3391692196
0.569761409689
2.6824334092
11.505970764
14.5079835349
15.798956858
19.0431692604
4.88991451487
0.571684120097
12.200361682
8.29928897611
15.8699584607
3.40450667957
16.5874584544
10.8495369969
16.8750402028
19.6215734134
5.94294924459
0.772132512441
5.59571885334
12.2624487484
4.1892433194
5.43640266804
19.3750339638
10.3430138204
6.86076176426
14.5975523558
2.93346243376
15.7089375422
6.01186380116
16.0540986015
13.7339170012
18.4639343069
1.31500199002
13.1099640539
16.6776374286
14.3774522851
5.67716152664
14.8823939075
9.35818571684
17.1403767659
13.1395875936
19.3725396793
16.547682927
8.42800302837
10.9572064914
17.3366085081
4.2476917708
8.49294935881
15.5967416716
13.6431727355
10.4747434923
17.8324563159
16.0838165308
19.9188028537
3.65363510776
10.1964024193
7.80411120011
6.64325988817
1.28700777863
13.8007673182
10.1873640499
7.47065966735
17.5629205492
2.34869186142
7.3841137829
14.8105965002
16.6236120208
14.5835846858
2.16770553173
0.538207387569
3.378758875
11.5474822238
14.9946185763
9.8176028339
12.528391853
3.69606195097
11.3145592123
1.33491523131
0.335981850941
7.28823891079
12.6897838865
12.9562241677
9.59326176786
11.1598012568
11.4903164696
19.5741207407
11.144672383
14.9774274181
17.4190655258
17.4408360307
17.5420088178
19.7736062739
0.498576069792
4.7209045072
7.62517557079
8.50218347055
13.9690992244
3.43432078016
12.6458748627
7.67388238331
17.3601893205
2.96665144579
10.803548689
12.5005661909
6.67836905411
6.04796819277
13.1565500994
11.8697545955
8.08719841436
19.5903891115
2.68047671976
2.34310257454
19.4725945016
4.35584949994
18.1644137962
13.7738652004
4.37026785275
16.4106811719
4.63253539192
10.7592819846
2.70218350936
8.89851437573
14.8658163972
4.94352835962
19.3424112633
17.814579434
18.9495940237
14.236693695
5.34734561228
14.1735587367
2.8346461002
15.2276398098
7.46553663885
3.11815852747
8.53258529092
3.20738832334
10.8719224192
17.7188367468
3.61666168867
7.16816598787
7.93941423016
12.0372974158
7.06969469191
14.1451454644
13.6893779552
18.7111877601
4.71140370612
16.169125778
5.84104516464
16.928295552
7.95337433908
6.04206659712
6.31662006049
1.20606743441
19.4983643388
18.7679095099
12.6981911875
4.60877492947
13.117156677
4.82196189343
11.4857585261
5.92278662124
6.77804632656
19.4398645607
6.38110663989
13.2953825092
15.6172473767
3.40820690846
16.9952087468
1.19258039198
0.930137819574
0.816460555063
19.3574934905
18.1366663842
15.7928581187
16.3245385678
11.2931381279
3.63870805311
10.8647239165
4.6947737975
12.587145092
6.66673525384
0.62099566084
10.4605828598
1.33746493176
15.3632859337
7.6957043467
17.5282544146
8.50037494134
2.58837535068
7.62140473441
12.4887756353
12.450790214
1.13496732841
15.8761991498
8.33102292516
14.2538107155
1.21343314558
15.9502314662
18.9700758356
6.90020250875
19.858295267
10.4261808855
6.83760004021
1.46104843858
4.9572211762
1.10866407227
2.63229169323
5.18788252735
8.34755174379
10.5176696539
17.2226954848
11.3465394257
1.41642944532
16.4795486098
3.67474578822
10.9413774438
19.3552658585
14.4598847736
18.5482263165
5.5043713089
17.7236093954
7.06934227634
1.49945047846
3.98794443421
9.80037486307
19.7114712057
16.4226366547
0.660640620087
0.719091702101
16.103633514
14.4212995043
5.55029401171
7.28071792373
15.038988881
16.7323695566
3.70326426043
5.21440721326
12.6292583254
5.46100022039
10.6186516631
6.04051920413
17.252689394
18.5805976969
16.4523457812
11.102594467
19.7348201734
4.60622581377
17.287213169
16.433849628
1.46835886528
12.3929993676
2.8861239571
10.1741691025
16.6842229958
6.33160453246
2.08784760567
13.1815763687
19.8065980538
16.0324779004
16.3247871767
15.9027479891
15.0961736504
4.69229982204
15.8671347728
14.7685619693
3.05053742812
7.23650087719
18.7527695289
17.2666844882
2.32605006119
19.9341790448
10.1422370597
9.94239240995
6.79620114664
12.9286253791
10.4536536786
17.6449581087
18.9985937515
14.0397298658
8.46261007478
19.5684279397
0.281262657285
9.10281356972
12.9855090596
2.708136361
18.6229651208
11.5848731803
15.4546342747
15.2787793607
19.0707660173
5.38977230606
6.01467931627
14.0444365834
12.8282418928
14.1988379088
3.4008477191
9.97950657847
12.9635224602
12.7049839549
8.24678662561
11.9006996126
1.37118258435
19.9619789552
18.559286491
17.9035368394
2.68752811505
15.4621875853
0.362885418965
17.1044566993
1.71063085403
9.75777801211
1.90343982696
8.91100128983
14.4859300549
16.2811121847
4.68868091186
0.467401994219
12.4991872392
3.76100299286
14.4720227986
17.5181905532
1.98688618956
17.3558722669
4.68834184839
16.5041605225
12.7851743872
18.8738639665
11.298008992
9.62962263548
6.96197480854
9.78590440233
18.743517463
15.8324262594
10.9200132973
8.0993279664
12.7845038351
0.68317963269
15.2209374873
19.8456125011
18.3180940294
7.24093901843
5.02236914558
1.32168385844
7.03324013681
17.6508221904
1.84415494087
18.7303207946
10.180277141
11.6539658906
19.4622128813
0.877383475689
13.3286449051
17.5243517356
12.1195678893
18.8789634519
17.7986657138
15.3327975962
10.9997687004
13.2501479108
12.1565033502
6.78214612384
0.290028116318
14.2994684458
2.51464145806
15.3455977135
19.5995149678
1.52103867038
11.4663215864
0.250841908205
2.99144344264
16.8063252628
16.9829297012
1.53190395645
16.5634556398
7.91439617086
0.883699399533
18.2523342855
16.4569285042
1.68171603248
13.7686934408
13.1665679489
3.54504105379
15.6789311571
13.8573717595
10.0105280701
16.3102265074
5.04848736983
13.4929490443
15.7294993378
7.24025842968
8.78476046574
10.1829252632
3.70802604869
6.51947476704
16.4761508412
2.24159366212
17.2703896301
19.3138118019
1.84614738919
17.2780327412
15.1721448005
19.8377082015
6.88454411946
10.7255597067
8.86843853671
10.2063317045
19.6033142976
5.5541970065
15.2227205734
12.9176878888
18.4257230433
0.799763737988
0.849865638764
3.90783770697
5.75042667801
9.79061632071
16.8589299663
16.9090343775
16.9001676596
18.282048416
5.37433583534
17.3917188176
19.9572710528
8.10976191258
4.51583440573
14.1226716132
13.8587384596
0.43418759198
5.27687876066
16.6514544091
12.7872364769
8.84042539058
15.1600497021
15.4359805243
2.00660267336
7.98826780573
0.58169557278
4.30407604032
0.755401826346
8.56502757753
14.3197259471
16.5213275454
17.7671602485
17.0838388143
6.03820760528
14.1810662925
4.14348447871
19.5384881432
2.22091515041
10.374654635
5.32993239443
16.1352356301
7.14288958259
16.0446032017
4.6617348916
17.1228441188
2.46291924195
8.90935098819
10.3319754782
19.931117637
18.0471434723
2.97583805384
3.81089945827
4.73396031064
11.3828929158
4.78247943827
19.3602535068
15.5719510894
12.9820077641
10.0841700777
0.313211565406
1.28672092859
7.17175334023
9.05227197549
4.28472682198
5.61000122967
7.5338429049
5.92180314269
12.5925934594
6.79126288977
14.7677269743
6.71308669954
0.59513876598
1.70612584125
3.87642609758
18.508994836
10.310064093
7.59053687199
11.0156779091
3.05811734276
10.3106627781
2.17724106216
19.1279501398
5.34425259401
6.17532815232
11.7774773126
16.6279944993
3.34119887218
4.86909685736
15.0450736659
7.16994196916
4.21602640785
14.0508352895
4.63119466174
4.5854711346
7.64575618729
9.9144803489
5.45821610474
1.10670480822
9.96709534011
14.5028505869
17.2173799746
15.3418960272
12.1306834587
12.5182020964
11.6980366681
18.6355540151
17.8506002052
15.6457906473
15.8207261213
4.22027362716
2.39381447273
6.32293322362
11.045782805
6.32514480032
12.0042889726
19.8023893187
13.8975076755
17.1389723436
11.7830380059
6.64083926943
15.8356818894
2.25355151487
13.94356392
10.637143315
16.9866354039
5.60904969085
16.7949447661
4.05313875797
12.0463576359
8.55366814687
15.9813955988
1.86765433479
14.0951362189
7.1547355231
12.1353396062
1.21030935861
16.0067419782
18.4759431609
11.8255458472
9.46652103556
11.5477857829
18.7676034755
10.4189167274
9.75746920371
1.4369368476
4.17348826262
10.7415915305
16.4737460502
8.06050649842
8.12158382238
19.1992906653
1.29316975885
13.5772235697
15.7808034356
2.60814436932
17.4084766241
8.26713162544
10.8150594094
2.47243198843
12.8946243422
16.1757132638
3.52801412473
3.0603026123
6.18900600445
9.01318949587
8.70926216187
13.8004254866
1.94147047654
3.16246147593
6.49267904892
7.69484009665
3.82130265662
13.1912166361
12.7326434603
12.464833035
8.10393292877
16.2765901112
3.90714608007
2.36478866448
2.64911114557
9.70240233023
0.984497692059
6.99515044897
4.97143597009
14.5392246384
6.1816739155
8.32651436563
9.5477297073
11.6722154018
7.88064538292
7.49379919712
15.3902707855
8.90959142551
7.55693624856
19.0538074063
17.5148377794
4.63826380795
10.6644721289
11.8969098385
15.9953778271
3.30304486068
14.2937285766
4.43236006385
10.7496142454
16.3103056775
1.55633120028
19.789470537
2.55831496402
10.127167652
7.32872812349
18.2348354455
14.0025827548
13.4690999932
10.5181189755
15.5385384956
16.9651429819
15.6224265219
17.0664779254
18.5867754775
13.2112376887
8.57882839842
8.80855034681
13.8759256756
2.23102020749
12.3242410938
18.0002994645
10.1207177813
6.678910115
9.86233113771
17.5659009147
7.95652698241
2.15746783343
12.5166509016
13.2306801327
17.029543237
1.30297114224
8.16310770076
1.00206248623
14.4857234776
14.9041674932
15.1853553366
18.8947097427
15.4301465118
8.84220754366
11.5278156624
2.16729683643
12.5726161383
18.4107376661
17.8241054404
13.5959451537
17.3740589589
4.17402337764
9.42077168451
7.28868818747
18.8199382355
3.02280863068
8.69579251578
6.0419518413
4.12281075892
18.1576443889
8.59590586282
8.70427936735
9.04971652545
12.8022022592
18.674271738
12.7281295492
11.2912741657
3.86910025644
7.35653296197
8.96085345418
13.7909916597
15.7888235104
13.3212915839
2.94907661235
14.7709833017
18.1092996503
2.81741554563
4.55033481861
0.627407500581
15.5378441076
3.14428778057
17.0752857678
14.8389216205
2.87003395106
18.3785554568
6.14948295593
2.80365638373
14.3325488003
19.0893155451
8.817400235
1.61093237071
13.2505626788
3.92736765764
12.7951962838
10.7616031902
18.5138335953
7.4161582174
11.2447163636
8.97291251623
3.36205189924
15.8463935234
16.0868688286
9.41381269927
11.6943268245
12.221710367
0.251359063118
7.43711997715
9.74482106119
15.508859279
1.42219060425
19.2578226567
14.3207679844
6.64384313509
3.93528388173
6.71132252961
17.976903661
0.784033897757
13.6203975185
4.46164289737
7.93532749933
15.8369661664
18.1301115074
7.02328811334
15.6847724295
3.47245888227
12.0596289412
3.9740646675
4.63333774283
11.092115846
1.85766787406
9.33395309412
2.30098416477
9.84882663151
2.73648644634
12.1274623815
19.2025591123
10.5844849652
9.26419592357
12.4285390484
9.87341300968
14.3129462261
15.5526764881
5.43180337009
17.8138585266
11.326590154
3.98591905535
4.50204773947
7.06735635297
8.82228189585
19.8609338752
13.1032880033
19.6767177395
14.8808140213
5.36270516671
7.43068021728
5.41210137414
1.03628808115
2.77597804316
12.6757347487
7.92509536006
13.8410950914
11.8270810647
19.3272627475
19.0930819672
15.3873936978
0.621455726733
4.81172472141
4.94615753522
15.7224087726
14.0196858424
0.206205329289
8.72534442109
16.6501593319
11.6246685392
6.27451716369
4.2222752214
4.29558154324
15.2732238919
18.786618623
17.9990628227
1.80815914721
11.3620307151
2.19881792842
3.10095971498
17.8296900796
2.18306178054
19.1304483952
11.1954671234
10.3451376366
1.1693897933
0.455542751284
16.7241965435
17.3518555487
18.246357752
6.11196462272
16.0526719239
14.512797322
2.26063389815
15.1450070608
15.9652115075
13.1195178672
15.8011095508
3.05099983961
14.919486711
5.85587501606
6.23192737964
17.9128529008
5.69936675544
9.39380455987
3.01961304039
12.0154751761
1.37318855942
9.04614698886
5.9812959175
8.13180364436
7.35469524033
7.54073098757
4.20037772984
9.83666097689
0.652215640682
16.525025653
0.883192159456
6.82542629551
17.4484585442
13.7896437778
0.284534606726
15.2704315105
19.3232519813
2.61678827726
16.821793025
4.55714911972
8.03346569182
7.72713675915
2.25389216023
9.31088833171
13.4616060176
5.75412324128
15.273420742
11.8686771999
9.63084562934
5.97058419329
18.4088731579
14.94354142
0.347337751884
6.28764799896
18.476218056
0.278581417397
8.87172167372
12.700253615
9.08574173639
3.89329796059
11.0975233185
6.54405271105
12.1204977751
0.305188868975
5.19831409694
2.69811756508
7.37673288171
13.7128555551
5.57927383316
6.40059379372
1.25183024935
1.51222171778
4.4639517477
19.1053531254
18.6850861212
15.8781668069
3.25833486416
2.5167000903
6.1658879128
2.76356538939
5.2626408423
16.4858550339
2.99632922115
15.4637453684
2.76866155389
7.18371007268
16.4063109114
2.47831754359
13.4711782333
15.7982538465
13.0581015326
10.5060804128
14.7181028715
0.426071365458
6.28505431943
16.6675562889
5.88610546711
1.65845064669
4.90948035315
12.5061265206
12.7075512608
15.828311835
16.8771133416
12.4622785423
7.4564464219
2.16459987238
14.9744217326
14.2719137882
11.7205581256
18.2950423486
3.4364500325
12.8787189686
9.70781590128
18.8853699684
7.25826867668
10.5630843691
3.19103084803
11.240593253
6.72665053708
5.42805378418
12.1355519453
14.4921468245
11.5430924667
18.8443293729
1.41529874652
0.5609198022
18.8501092659
8.55025141723
12.6094678647
19.5386691103
12.5895851332
13.4906545209
19.2622726107
15.1015965415
8.23281715431
10.0546491065
15.4303723728
0.438631263513
17.365996506
13.0808701946
1.1087839459
6.13521188274
4.76153568516
15.3562889623
17.6851775547
1.72289280437
16.7771786359
16.6094805161
5.05600218024
3.27023924058
13.7135938507
11.054748857
16.8839416976
2.32958319579
14.9085705328
8.47722731949
0.589407619765
18.3403152771
14.4767754141
2.22433280759
6.89197656693
1.21292087555
12.0723588173
18.2559696371
1.97979012206
9.02298884426
16.4967916769
9.75968794591
1.02368627033
16.0318658285
19.4433679807
14.1604239037
16.373396392
10.4091812821
6.30984804637
17.5882683617
2.51010384565
11.3760512469
1.52698709124
18.5550079
17.6728252887
3.25494201292
19.9064470292
9.80752132398
14.4154072325
2.85031157446
17.3971615768
7.33072681457
3.0535510076
14.2960490181
9.04521289154
3.28832603951
12.8399826176
2.71787333176
5.43252268052
19.5470608647
10.5524557476
1.54591953336
11.7362107173
3.84354606449
18.6846264797
15.5265418205
12.9444455765
16.1128772569
3.60433954797
16.3728216957
6.40490869217
15.2582929618
3.49592813034
19.1836410167
18.727765645
14.1961244935
2.20214362462
6.86816086922
1.51547019457
8.77311101716
9.32664603364
19.8270232261
4.93944377485
12.6719035608
18.5439404362
4.29845468733
2.25017165116
13.3715484728
5.77712222502
12.2130897449
2.8315396851
11.2542335466
6.69369736748
2.50915247725
3.29816051936
5.61188998429
7.32015928942
16.304164951
1.59526740178
17.6067505398
4.48783142928
14.0676774938
13.083216615
12.2535138818
11.554484821
1.68907230674
1.24250611025
17.6516059762
0.626598493253
15.4286330526
2.39947036081
2.74349984256
8.75028657666
18.5589050914
18.1982510634
17.8352048483
13.7539012351
10.7144937428
4.41953177351
2.4061670007
12.7332757006
4.8960804537
8.35066672368
6.84832401824
1.31646449118
9.04011263825
8.50667677087
2.52220955005
2.01776964844
7.24437257279
7.55176858245
0.215573951963
14.4562942577
1.87842668661
4.49577696462
15.1273998289
12.8567827744
15.2647640788
15.4657066041
16.5689158637
19.6011965466
2.09725597004
3.9598605336
14.141874843
5.77040983565
1.66364844977
16.0693273439
2.5180909213
13.77341617
18.929124193
15.9668427647
13.1591744024
6.40921144956
16.5664897429
19.4292034208
7.29118268043
11.1306222035
19.6054601289
9.31675859589
8.19271062816
11.8738499826
4.48751682321
7.02822225582
17.4283463666
1.93213792127
4.32681608413
14.2394195265
19.2766509626
0.685684317493
18.6432838687
2.0441869227
0.315802634814
14.5099410778
19.2101785025
19.8340332333
18.0953103979
8.24544407038
19.6620386288
19.3733358053
18.9476776802
18.5712210413
10.6193538505
11.6137513376
7.30611106448
2.31794647505
12.6109377241
10.3000350034
0.480522809187
3.68958893769
1.05860313218
8.8247427674
12.6059971469
1.14613461032
3.72215645598
15.4369264812
19.7818789345
5.03672986164
9.18024846054
5.65829266343
0.838316357264
3.17085284798
3.46086913094
19.7994470832
17.3429939585
1.80276835578
12.6366276817
10.5320606247
1.64055507714
17.9444209188
4.48431181684
12.1034592118
18.9625213389
6.73833796638
13.4224211545
8.99002641935
15.0186711439
19.9702539419
18.7011669212
1.95792342394
11.7804849732
2.0609730961
12.3744069925
6.66800928717
18.7577418973
5.85295393611
9.57444653823
15.6477969682
15.9159645389
18.0308099533
14.6412152382
14.6589081016
7.35323306685
3.50411266375
19.5986756908
10.9733745638
0.735063663579
11.0870997306
12.7806508251
17.2423634029
18.0010252161
18.3511825452
14.1666883421
5.86152833564
16.3711003629
14.6037967321
10.7114999798
9.73003852099
5.01011117538
4.32270576381
9.56619461121
17.0237135936
11.3515153107
12.4414741225
4.41117760641
13.2788091217
1.16839968425
16.863996687
16.7745772364
15.2220461642
13.454994231
15.4060533321
1.30714421149
16.5982699247
6.19820814961
9.45609228785
1.99913735278
14.8641672298
15.1448048856
10.1295039725
4.42024635055
17.6915938698
10.2918792085
19.9846169931
9.96252903889
10.5745820097
8.59956220729
17.7337059507
7.82886201768
10.6267875258
11.6937008632
14.8770961799
12.4020699506
19.8549846186
9.0069012357
4.10972309868
6.30080326895
18.0144172607
9.53024963488
11.2137977442
9.6246761513
1.29377888378
16.3495077506
14.6073342825
17.0096652159
15.7127050832
5.22577498935
18.7136592677
17.7593983943
12.4287015553
19.9679204953
16.0305169771
19.4493962614
2.1515334287
13.4381465234
13.9730577978
14.6221023519
9.09006947947
15.1848065195
15.4500102442
16.6336642378
6.65142249673
9.07356685084
6.99539517833
8.90111908579
0.297313958634
4.10369723374
4.06586917885
0.572660119039
10.4494991794
8.22002930347
4.62622191984
15.2653178983
3.93017179825
13.908732209
0.942243417335
5.87524733499
17.974644302
11.1776465838
11.8729152099
0.414142057927
11.1018271408
0.327081187497
10.6198116763
6.75570154061
16.8655548905
5.15813826288
10.6422916328
10.5419412914
0.923495752124
18.2656704603
1.93519369697
6.2700292072
9.98046504996
10.1445414504
16.7525127958
16.0977833556
19.8973148088
15.5693570487
19.3829117823
8.93939326159
1.41781617282
14.8257021043
1.7153537082
6.51986068242
16.9436142247
1.99404924643
1.65867219648
1.75006549519
13.0206453838
15.5610164903
11.6288839299
6.13906600457
0.873178848597
9.88979802481
13.1460245013
7.16773471188
3.73008944335
3.25770999676
17.3208456982
0.317608774676
2.57003996542
7.15620247928
2.41722125486
6.2509789631
19.8631794691
5.7966771274
15.2138380731
4.20467470043
18.6179495373
7.4066845363
13.317222953
7.32349677823
12.9157276539
5.30344752715
19.7176643185
8.00353860364
0.70239031336
2.3572914223
14.6748449288
11.6957360776
1.82210429259
11.3935863465
7.98148350446
4.20730412585
17.351976411
19.5171158315
7.35111497179
10.8675762074
1.4985222139
16.9287429774
12.7236141983
15.305691275
7.94926812858
12.9850224053
16.9588492812
9.33025384881
0.456659712693
2.14064501752
8.46791589183
6.36579730981
11.8964606208
6.15240351243
3.96803527231
15.2948311752
13.1443083419
18.8292125067
8.87693020532
2.43163395969
7.78051063454
14.4749809134
0.973065964313
7.26554953733
2.56709391428
6.02651370536
8.98691482361
8.16437076303
19.0930712927
11.3345160774
18.2204054177
17.3961593679
17.3928944692
1.06912047235
3.70795033585
16.1213177654
10.315318653
2.20513005552
7.87204513832
0.768971343504
6.66539373521
8.78930568614
8.14159533314
5.7480066582
19.5475027843
4.78827578838
13.7662230576
18.6934762158
10.9209607677
13.0696272028
18.7493101606
14.0259604286
18.6069795126
10.2654664932
12.2750220934
0.770589968543
4.16014695901
15.4654170204
1.841106812
15.4775200454
12.2882237087
7.57046880584
11.7211355241
4.89040374316
18.5060490074
3.42548868342
14.9502280145
19.9070196688
8.68568449956
4.82627302991
10.2155079334
3.5134739077
16.5744250821
0.890477476966
14.1569712241
7.59550247077
16.048729113
6.55023160996
0.32662272433
11.2415287162
18.8907540045
12.8560490394
3.22646365251
6.62990801165
2.44914794835
16.3036893886
19.1905765019
7.28805135662
17.9184449921
6.98298503106
6.21135096159
17.6382612076
6.50311882082
17.0987622374
3.9964324081
9.06971739851
8.05605462615
10.4005995138
16.1997840502
11.3603608646
13.5877020851
17.1433669881
11.9098134145
12.2049163025
2.65932344126
17.8223151989
10.7999497195
17.8727217138
13.341702887
19.1958895319
6.15095197974
2.04646779049
15.4203589715
15.2092797759
5.46475970476
4.16466639428
14.8912616016
1.70392392901
9.78594059264
5.77018937517
9.81768309856
5.32070800242
15.6992113188
13.8923443972
19.7973556504
0.370814210378
13.8460373036
3.24794356746
17.5593540724
18.7942576101
1.14450927619
6.27737300958
1.16236054079
3.3796760864
12.4575511908
5.64223988097
1.42204805677
14.1203524849
18.2710366284
7.69190971346
5.41289855047
10.1384479094
6.52141651102
15.1848829187
12.1245282053
0.443607460583
18.9756919513
5.42827153419
7.03228671318
10.4782674838
12.6148589029
2.60931649693
5.59227907401
17.1831585539
2.06133222063
9.05206246226
16.3493432916
4.17404623104
2.30319404888
16.3958021752
19.9991055464
3.45641021729
13.4201082473
1.28025780132
8.58521751234
9.29625407173
17.7732182785
9.53453769194
15.5024527138
19.4286864408
12.0203622276
4.56414587726
10.3294340927
13.6697322501
19.7224603069
6.58658153941
0.243651056892
19.2490202162
6.66536514233
12.8552103192
5.76214773163
7.81110363359
14.569219302
5.82242420056
19.2703984551
7.56731974238
13.6556630583
4.65028901373
16.2438356268
19.0577826426
18.6665150644
14.6978428161
16.8049939487
11.5034494374
0.951939584949
11.1042315714
15.6107195297
3.24006825934
4.81440717927
2.06126002074
8.79506040783
13.5606349518
5.86947037723
5.81243603225
10.3367096269
8.48276804265
19.7291939172
4.34674793574
11.1457511891
17.6041408431
9.63033913907
0.548162214207
10.0120394669
7.60475282809
18.5195663451
8.97209514751
15.243396891
14.7401029916
16.2932992092
10.0507865615
11.854608657
9.31779906339
19.8909438731
18.1783105582
16.7064819571
18.3453129025
18.5055345307
3.85275605081
2.04102969067
3.55053356083
0.221689970105
16.2249255242
4.91356856154
13.5981607633
19.0262530715
7.53893415869
12.878648851
16.4348273387
17.5984273899
6.62264081885
12.6252053838
5.5907305416
14.591140082
19.4642262502
0.426676337501
1.01004636967
18.8544956515
17.1603994348
5.86455322101
17.5448021992
9.9931171366
5.58901638578
12.8347565112
6.24691457598
6.91124163008
8.38596848804
8.17366246515
17.299897411
9.67945732686
8.00586648147
13.9345396284
6.54300592198
9.61549048663
15.8508608001
6.80716554577
4.45388828756
12.9977880816
17.3449227019
7.466754522
9.09026422496
12.466552565
19.0953257302
18.3121604111
16.4035668676
3.62386455299
19.6887120101
2.0007795128
10.8879208578
15.7757958564
13.4670977833
9.27621797146
4.88409964502
18.3773704845
8.99534190587
15.712494305
15.1465801942
0.607361703373
2.051678103
0.914043160768
15.3152863389
13.7190573645
9.98352292301
4.9062944523
11.4432661599
5.9732349041
12.7526683597
10.834469142
16.1495378928
18.97507196
17.4743668504
12.60792008
10.7520781851
12.164339037
10.4918507113
19.3570138463
16.4868034901
1.76952307038
4.06541419713
4.30561518255
14.0027104148
7.91036473282
8.2710349532
13.2592581123
13.3846292137
10.9517644606
16.1969528346
17.1617265621
15.0514635569
5.99319002436
7.4869518759
12.9360391288
4.46918450312
18.1807308534
13.8314646688
8.87857410103
6.58880214039
5.58164269818
15.0230219653
5.30864594143
18.6344989625
4.38912510827
7.78857174876
13.6476229753
8.39024009754
4.06590643435
8.9391951382
15.8702163902
2.02323433078
9.59409711919
2.64054752394
18.3894537595
10.4785440203
17.7862401301
1.92909852785
5.71686177615
11.4614880833
9.70322712253
4.78457548589
7.53061888353
17.1773586636
6.64561351942
8.7931421963
6.55909227269
6.85545177118
6.40131990917
11.1274485678
14.5159136498
13.9442686889
1.22350914702
10.378813784
12.6763109426
12.2203006128
8.02989125906
16.6331366767
3.8450075836
17.1571651027
8.02865556995
6.1077346423
13.0682976505
14.8489135812
18.3679443806
0.207324138954
0.705142091897
0.88670821035
15.3225483439
16.7818475346
9.58029039758
17.153413947
16.1261317332
3.84030214194
5.04966635828
15.8872432985
18.8344425811
17.0912492193
8.5475961
7.10998674448
10.3574750037
4.50228185723
9.63500137321
2.16640000634
5.14375069019
15.9661402486
5.91350481442
1.29536710317
1.32598736658
8.90606170791
18.741292689
9.23897027859
8.28160261095
16.6301096509
12.9813796813
4.89534020543
19.362594686
6.62047364135
8.9008179241
18.4127564575
10.8180524875
16.8408538742
4.57710727507
7.48263067823
8.44061404944
9.1413490762
5.10616902403
10.7328410267
5.34303003413
16.7617374383
9.23973191726
18.7568951706
19.1455316066
13.1325683844
11.1961853566
3.4687819636
12.7738785541
2.71248319448
16.7625284755
18.9991441266
12.8331496961
17.8456113336
11.33762578
11.3639798287
19.4608914378
2.07092944551
9.58713163854
12.1225388718
17.6244149384
0.469022907871
9.28473588876
2.59181017959
0.341253215975
17.3514720787
19.7490470088
4.98901931491
15.0117565746
15.8996307751
19.8318792131
13.1255818022
0.943025582636
11.0070705368
1.74285113798
10.7361052925
10.3272565026
5.69368538408
15.3239266788
9.83655193069
2.17556912688
5.17423476971
1.32825328697
7.64353461549
1.03445928056
6.3576122617
8.49191882641
4.40021084181
3.44627030855
12.8971167964
2.53199687816
9.76845443987
5.08680914491
13.4990852082
18.2544051816
19.2429985308
6.76904293503
7.3560434661
17.8977110539
12.1300520936
9.90574044347
8.6393002405
2.37294680748
10.4415670253
14.7894328478
3.89273881163
16.4786203075
2.28460092844
16.9231798138
16.7293491077
15.7973336522
14.8809879356
6.42808426537
4.64967601304
3.69593836458
3.70318022475
17.7983230743
4.26549899142
2.55167833403
13.0282188935
4.85889938827
7.28975585032
0.927196950282
18.9033235066
10.2053324428
15.0317537165
14.5867104731
12.3896890142
17.8802466989
18.2665292947
11.5585314061
18.5478973178
8.80760907719
4.26306578679
3.86313161185
9.37552477998
9.28690114069
15.9496492132
2.57615244416
6.42689037086
15.1391537592
14.0159214868
3.06186714767
8.96904343836
16.0611679971
15.8523288714
2.40619596885
17.6038348884
7.19963439276
13.0015766821
18.9637012882
14.4621615695
19.6534927956
9.08844145196
3.28727556449
12.0668407593
17.3876131209
1.97731157493
5.95346025837
12.1849303624
13.1734256782
9.85893935079
5.2091590527
18.425617496
12.2508248584
13.4708287956
9.45852022476
5.23958184268
12.8577965383
13.1636105867
17.6215620682
1.7684969701
14.1548095505
6.59935592053
0.277475577863
4.38945670004
17.9961082888
6.00893494626
0.624321946943
17.2752337497
12.8062033776
0.271350356299
9.2786153602
1.96069712007
9.14176109393
4.21552633398
13.2228660253
16.9681974855
10.1940586422
17.9410956905
14.6215085135
10.1211308009
11.0878817217
12.4552984931
8.17796253659
7.99672117699
4.19972401576
10.1973242079
10.4077624149
8.53503139262
4.40572902782
11.1637282514
9.67039241465
6.01459074119
11.2174369522
4.58294540493
4.94478565446
1.06730425004
4.56435904297
10.9538609998
0.909928106885
5.09017245169
15.2622185322
15.1983778171
4.35174788174
16.3552076024
1.12235616402
8.82300831408
11.2243212108
10.6959354968
17.6391657872
12.5447850754
18.2053671421
9.46812238697
19.7886822128
3.42098377072
6.1661890854
12.5644616149
4.43346946502
10.5374244546
10.4296517973
1.16510748011
6.35820908366
12.557228571
3.12325488352
7.97280214068
11.5600054578
15.992462081
17.7308742193
15.1508302566
14.9982631545
8.33738613748
17.7843859772
10.4008558212
5.17780931868
15.2184288796
12.597589948
17.8714068158
9.93649105888
2.141827771
5.55405111601
8.44003553953
9.57775808158
17.6677822805
16.3927554002
17.1944926341
11.3034745654
3.87522643212
5.65586676344
14.5242433401
13.1752475523
18.0591399786
8.01970295111
13.5274060828
11.0418770216
14.9714071414
5.37604132938
9.73090278231
2.48120372505
19.5686790233
3.50583673685
0.828951474338
10.3293805732
2.18393419163
10.4086686187
4.25301025914
8.90581457813
6.95788995285
8.74351736882
2.69543729277
17.7488855006
16.9904176403
7.3487018094
18.1290741111
13.46385696
14.2300787282
10.5142241406
15.4931822677
19.8397264103
16.9573915365
18.7329384165
1.19358834179
1.96863591915
6.95290828849
9.43449670322
3.43822615935
2.13683817603
7.73253356046
16.1325234665
1.71666953183
5.40886938784
5.41538047229
9.7889544665
8.68864071555
5.35315483785
6.09216851223
6.10461174374
9.53377607179
9.17744466398
11.6291152699
9.20713763596
10.2029885224
10.0810838956
11.3757318875
14.4521438342
12.509311011
4.47885142313
10.8041598945
13.6400571459
11.0321783066
14.21582679
4.91173071817
4.67984455082
12.4115891213
10.2728015652
4.75480073715
18.4504475467
6.02687027746
1.45779881307
7.80501945267
16.3841129142
3.90780382706
15.4277034715
17.4295502748
0.588272990346
14.2824389606
18.9612241033
16.4440306986
7.53627635853
7.06031719184
17.9353393791
12.5783707614
10.684924148
6.50991472848
0.214200286569
15.1951232682
9.97743000887
3.3281503108
16.6409735504
16.2163163555
11.8084950227
12.8165476059
2.90285419148
6.3227627502
2.97305298758
10.6307348344
9.68826472785
15.9871884657
16.615527702
3.11801198153
16.4844214996
14.6910075849
0.316880647445
8.48674831634
15.3507833264
10.7676458448
13.130506368
12.5682271338
15.7713639085
5.51526906399
16.980276969
6.4371391872
15.8375285512
3.3508768132
12.081070673
3.98026251262
18.8203218208
3.11397901735
10.4002377556
5.40707216405
6.668859004
19.0648341485
16.2981541253
19.0668999235
4.51869466172
14.3996808821
1.18031032089
5.88998405195
6.6015039336
4.5768316893
10.0719069813
10.289845697
12.9244287052
18.2984399694
9.95032179729
4.13089749401
7.76648186906
5.53373665393
18.8039320945
7.47185737042
15.3359508537
12.0418973849
13.4706181961
6.09968196169
7.82746764042
12.729233338
13.7307610568
18.3417252945
10.2852957302
15.7276438307
13.8493937356
4.56675830362
5.46158426757
17.4665513002
2.35529610944
8.0604605013
0.839401689893
7.14007718897
9.6869372475
11.2229198651
3.57678943813
15.4489189261
11.8936145402
14.6294440948
16.7839815301
12.2408191452
18.1726618606
17.6062132892
15.2085520501
16.8803301993
17.4633403568
16.0592944096
11.7699519436
3.71075995306
1.30981973938
7.19920680936
19.2275390481
10.7424452862
17.4101335802
16.6097038695
7.0396948564
5.56894707475
0.988988924959
13.7198920868
11.3051284817
10.3474705116
13.0993302356
10.0493403789
10.4805365136
3.07180409515
5.20892513817
12.6572144887
3.57738562788
7.6189264599
13.8670479845
1.81609919568
12.2084845252
6.78596490586
6.18894982364
16.1238764387
14.8288951727
0.842568454902
11.712121681
18.5131035257
10.9090134233
10.8431353169
2.23345484768
19.1040627958
3.22597150362
17.2177370488
19.488499827
10.1799767978
0.850259219797
7.77124995494
18.3460254248
7.34039995943
19.57828146
5.46507797369
3.25757870553
4.16601369805
8.52875899233
9.08897757358
17.3548792243
11.2685609436
6.63720288709
7.52183616437
1.3460545616
13.1636932001
14.3577336896
1.42676805252
13.9513186794
6.60189821208
14.5986208212
12.904863685
0.474138573563
18.2161641065
14.8888311167
1.49837533024
2.13183511223
19.6285937594
1.03275338543
15.9566895179
10.2376206456
1.10726102437
1.75903583625
15.7692844968
7.10166107504
2.28109118491
9.08421947046
1.90157129885
7.58547236363
13.8762533252
7.39240397708
15.4149713714
6.16276726927
12.0774853862
12.9804956585
5.31904609158
14.0533680614
18.1763446426
15.9028162749
8.16361896579
0.664261759056
3.48295943469
15.7289881173
12.2447240908
6.08091640976
2.25023663066
16.5955000301
10.7202861614
3.88051630751
14.7804448631
17.3215606794
7.11881296765
15.5231389054
2.45496929486
2.69574939237
10.4640038622
18.3118788094
1.9916913792
8.94057494089
3.08146359931
12.4814284701
8.22198886106
3.06944966867
2.00702355315
7.06482225953
11.6276474762
11.3545669837
13.2583634113
9.0632954407
7.8909254181
0.700195724572
7.00162597962
3.1428203534
17.7208910651
5.11898013447
8.57085139575
0.906539118072
19.4033196424
2.56470408399
13.6875715935
6.2380025835
16.789967363
16.9805857055
9.59332569597
15.6332204259
16.3760556793
12.8651574229
0.405785498652
5.93879650666
12.9988489771
3.90292619938
7.5840664823
7.44032673383
1.89679712467
15.969906279
13.4869285872
4.29968998188
8.51123448945
7.99275002199
16.9248109276
1.83531643221
11.7253895935
5.52281283897
17.283686599
16.798873572
7.46517794282
10.9278865614
3.24444199321
3.22348015442
8.69106857507
7.48357853742
6.2774611403
13.1048559905
7.06454380738
5.1633137087
2.11927131748
5.69467693915
0.392779603931
17.920701421
1.02816327889
14.1509083527
19.2253001462
10.9120930395
4.06416206125
19.5230479689
6.91355546767
19.7865756758
4.06544821656
16.3093805021
8.09379085855
17.064639064
14.9599389266
4.4868312231
19.2650726446
10.6623150463
11.6891146356
10.564545261
10.7677981032
9.17895984177
10.6162058654
1.60154580769
3.78025138823
2.46303698767
15.673003241
9.88807240299
4.58411829444
8.28711342643
15.271313569
19.5755543768
18.9269518766
11.8976121402
7.22021255788
18.8969796901
11.0071361086
18.2082170282
11.0561992423
4.82706764585
5.6205609893
15.9967358555
4.29432944712
18.4696955306
1.09239268984
12.0642947394
12.6448007692
4.5481565256
8.0934547288
0.242331195685
1.98230784776
0.919703891892
0.701494633302
18.6972829937
18.7068381067
9.80456674693
19.4971860273
13.3057752836
16.8950747883
6.44504509847
17.9836888849
7.75186239082
18.2628588171
1.44875637289
7.01484158261
8.3441820135
1.87529005441
10.4088937475
12.7310212142
7.69921489847
2.78305961713
18.2173144927
8.97594533691
11.8734845612
16.0216786754
14.4456515965
8.07597713257
0.26486519211
18.5550760708
9.20000598991
3.64878938501
3.96071471446
1.04063691204
5.49100417999
3.61170725132
16.8407991585
13.6354862728
17.5813015901
0.332389549439
12.432639772
3.96191923258
4.44790357941
9.56311350516
7.43942859898
15.3141385099
16.4087381678
7.19174638028
2.46368979756
17.1037966476
15.631710504
14.7225360173
16.4953099826
15.6029489637
18.7871128298
8.60263719681
3.72918274182
9.45225642392
2.45410115735
13.6784326379
15.0264112576
1.76126330759
5.82909826344
13.4030356614
3.50600906586
9.32812084064
14.1027633395
11.4500651213
1.83383452439
7.16396716227
4.88298529193
6.91633993542
5.56755548764
11.5467305369
5.10235415812
19.0179629375
4.14337401261
8.58821476385
15.6436099625
15.6136919662
19.4138542071
1.54483394934
1.62484688597
1.79592217025
7.32782382782
12.2642838661
6.32587810735
18.9607591207
4.86092507274
2.63971746812
3.18776579457
8.78599506136
3.91572592897
7.25409967009
12.035789941
6.05480445879
19.3156806679
2.32861114529
0.675478289236
6.68553367135
4.18364075595
2.85562831687
12.8776057714
16.3380431015
17.7651903214
7.76913832082
2.99749682767
8.37889143648
2.64409363892
5.66862953988
15.5948373323
16.0199255031
16.5234052829
6.80060733605
1.29593392797
2.82198195946
4.12872689132
13.4219899168
13.7938629686
13.9509897472
10.8153787221
14.3328405
2.3171564966
15.0852371586
13.1210400281
9.61415945247
4.27715228507
2.31488337678
6.15910999924
13.2112285918
9.56173109931
19.9251425029
11.567183476
17.85388433
16.6499855874
5.59161475067
16.2050566969
5.22445212245
9.46550156271
3.27755711694
19.9312637544
0.938931869818
10.9535532361
10.7042781861
0.75074855495
3.63528990994
18.5755482046
17.1424197912
4.73273925451
16.7823639188
11.9644382826
3.73782357574
12.1393602492
2.14288676226
19.4017316174
12.0981317053
14.2360463255
2.15589686952
11.093037743
18.9613735797
12.04465184
2.88586504305
17.4333041268
1.17053984558
12.0385200576
3.26731847438
1.74534013299
4.17450905432
11.2510203575
2.40033629025
2.1208578548
16.6557549592
0.791333979943
4.8907316825
12.9620245098
3.53665715252
3.62162986738
13.621095596
19.719860104
5.12105982032
0.528254498947
9.51252390717
12.2120462266
12.7367997978
9.50360317074
4.30181968067
9.44870183454
10.7729287592
5.12514491823
3.81829510985
8.16783003879
9.67680620235
2.49221614998
19.9286503069
12.0372600873
16.8634274005
16.2387011563
11.4433718131
18.6132486628
1.70159310083
7.63206747299
16.8865453171
8.44680602295
3.81218291366
18.8957010834
10.8776552562
1.73478209797
2.96225296496
5.73715923662
3.39735037522
8.22068925865
4.91029332353
15.2698144663
19.211704065
3.87928223484
5.76466868914
13.8964490101
7.34509966188
11.1287386873
6.25022950147
18.8328805215
16.5278326203
7.89752245893
1.75745833192
16.8999187592
7.49528114408
12.6121854231
1.54093740567
15.097364198
11.0681637466
9.02615532406
13.9536669972
16.7075249296
17.8423180094
12.7261504148
8.52505454275
6.26817979062
11.409647152
13.8317297928
3.91592711147
19.3245471022
0.792092986652
5.31924527808
5.37872631264
5.15568509702
5.37550601471
13.7727123578
13.3902262816
11.6282855428
10.2067371976
2.20708397666
19.839736232
18.9684766627
6.87446994202
13.0232518159
11.3481052201
6.09335512519
3.98576641167
8.13662523993
5.95948202999
16.1178034085
19.9178494292
12.1286720513
0.507724740263
13.6350156984
2.72627579948
8.32479538854
14.7029554097
10.8710171462
5.5820074849
18.8021851664
17.3991887834
8.70851341221
2.98436109098
15.6008676308
3.39095467092
18.9347984172
8.73963815863
19.2385749451
17.9147599545
10.4013414002
9.49506430486
2.42303040452
16.5220296042
0.655183173659
17.4839875801
8.62276687367
17.227232677
3.10475169481
14.1740170957
1.87382981625
1.71573971952
11.1997075446
12.565859269
11.6908479473
8.3771931163
12.0895287419
3.81507335534
12.3919447883
19.2973577199
8.21757144109
7.85925500122
0.705117183712
0.392883305016
11.4018518859
6.40089239939
15.6190124204
6.02263349882
2.97599623022
10.9761404322
9.04252260036
5.8842614345
12.633646873
6.30014064987
8.81655274769
11.6955502765
5.89373491878
15.6756534107
3.68170667385
11.6707778887
13.4902545555
2.03002330429
10.8657415991
15.9476298545
6.47343070371
6.12614094516
0.96224511536
10.0442266871
0.528707040125
14.4306294412
2.32385962722
8.65846338762
16.8855140615
3.27707332702
4.07309391905
5.76248399169
18.670829663
11.3065778092
0.970020579939
17.5354690387
7.40542773556
4.14750664701
0.357108426406
12.9556432724
13.9134670529
5.0560811006
0.356225588802
12.9815630879
17.1555024442
12.7587385628
19.5440804556
1.15166375515
7.12229955425
15.7216711697
7.34278136414
11.7608301501
4.33540304596
1.88025834673
9.93440234495
19.3467060591
1.9363144798
17.8077618993
19.7886756443
15.5970883791
0.63734728614
7.38671256887
1.74135315499
6.38014213568
8.0798708345
9.47481457423
13.4160961094
19.967004879
0.787614384479
6.66569152747
0.546921930456
9.34597169223
4.3011297157
11.2741318876
13.0122226554
19.8469183668
19.9552005829
1.96272514708
10.9151639655
19.6658430902
6.48135137432
12.6991192109
18.5838435668
7.77588579952
12.2099399531
17.7583436812
12.8167160498
5.18266950011
8.67842851391
14.4489140569
13.5672506659
3.11361500408
3.06433344827
9.6818518186
8.25742867565
2.65415776915
19.830525955
10.5021755651
6.28639285502
1.24007402298
4.79433801274
8.24371127072
19.1552555833
4.49082116011
17.7307244429
9.21677665145
18.4383834963
6.9202590418
0.375267360006
8.05711042091
11.1517717333
14.4924021533
13.9720620501
10.1699782351
15.8814197188
5.78080914133
1.76801460037
8.14030767677
10.2381677756
6.69850313014
10.9754043301
14.3056212158
15.7966200107
17.339332316
5.85829027314
17.6145142481
7.42920110217
6.46012407751
1.16858095383
1.35306009063
7.83401906374
2.87817412046
15.7246192957
4.71965955077
2.41968671217
17.5427356367
16.5034288816
2.7530133656
8.94326608357
9.74100717683
16.0949959199
19.1881911571
8.48274016611
6.12329639645
8.06187191799
7.19326243443
3.50478749606
2.77045290655
3.71695535135
18.1708837543
9.31742632557
15.3989060947
4.29017429196
15.9049022674
9.71569615696
6.12573690235
4.10181299347
1.32313847815
2.60595431942
7.71017209436
13.7412938327
0.770732559387
4.19436901904
16.6520785355
6.2838438246
8.68043881231
9.58623644981
8.30754150994
7.91781822663
16.316973456
5.61551438199
19.6689127633
19.5929032427
0.461419404107
17.4777685819
17.05779001
19.7154050571
1.5160354426
7.77160264048
13.513610741
7.39304790364
1.12159305317
12.815549835
5.24448903207
0.577700901544
19.6086728065
10.0730528241
19.2456042076
4.81071910919
6.92197673985
13.9316077393
9.58689804904
3.82368815866
13.9331140723
8.95555066417
19.7696234111
1.68638149156
3.81089716442
10.7149875093
12.8316557736
4.28625257173
12.7843794687
5.80027376113
1.25228907352
10.9330035043
14.9311850496
6.73850661362
4.14368992399
9.96019279379
18.7513071154
16.3936647691
2.21492642096
15.3773112814
11.0258826679
12.578369299
1.72391176083
5.13236039689
1.34508695071
10.1433001273
19.1043157229
15.1538059275
9.91323811529
9.3150783483
9.33138436516
9.51824444378
10.7323557109
11.0354018148
4.49630299846
11.6244451934
2.17651080835
5.70418972485
14.3293897064
4.13040777008
13.0839209176
4.4083160305
3.14250718477
4.20072510834
12.4397547675
12.9157994126
15.8531333724
12.4846000186
12.1828566961
4.31758628619
7.07711049505
0.510995848649
13.3043957555
5.55119100639
12.9034484765
5.89712440807
8.8153240635
11.4196056048
2.71779393705
16.534180112
14.1939549622
10.8246096862
6.88995416808
11.668596184
8.13359358016
9.3565081912
15.168913498
4.57029356311
14.754230373
14.8856529879
4.26033450915
15.4875561094
1.1312888726
10.1811994082
14.1631658543
18.4856472208
11.7351879044
3.79575258689
3.92061283727
14.1913347154
12.0275338853
16.6980595938
5.7811924942
11.3792099829
12.7757076441
16.097373472
1.25229165518
2.88283172312
7.22443429224
15.5884826745
5.84014170262
5.21341504904
3.50435640525
4.71183330387
9.50982020964
7.00675467438
6.78586134965
15.2772244689
10.0518351751
9.63474088866
0.857316413957
11.3854660451
3.85462413181
7.31890155844
12.5628445291
1.14127396703
14.936113895
1.39346915062
8.42944296164
1.7192149068
18.6663654388
10.8500297852
18.3464770415
17.03330954
2.35405264878
6.19618166684
16.1561971854
7.93921199144
13.3136467693
13.143819341
1.66605935547
2.84127013136
8.95127791072
4.83104291095
10.4459553971
8.28300130726
5.34735286254
2.45132050373
7.99951332655
19.9664144733
18.6126607503
10.361729398
18.6872548684
5.17756386868
9.90202203892
7.31852837878
1.42091656397
13.9488378831
6.62863775469
11.8421208288
6.17951671429
5.03931471505
9.97825488127
2.65979821679
17.6331219031
16.9626622688
1.21343796279
12.8347250228
6.55752663062
5.05926607965
11.6706880018
15.1885986798
0.946327886711
19.2343082922
12.1273292578
7.63157854871
18.8607616768
15.5911560805
0.319565062565
3.95189592097
7.5272734789
3.61905963197
11.8006122471
10.6357218113
3.74727319462
1.03060427414
1.65026744451
3.09500431889
13.3001919415
9.11648272712
9.5863800709
0.951269357578
2.18888700341
6.21269609703
7.73083365994
8.79146623669
10.3715778279
10.0362686058
12.4096233568
17.8690795185
7.00371088462
3.1146947282
19.3229368524
3.96919534531
15.5079716222
15.0239005612
14.6647436425
4.41137531412
16.602206342
3.08624940313
1.69156868757
13.8708241589
13.2138988197
7.25967022653
6.8461533667
14.1066697953
4.15402565781
0.372474125456
11.5292313567
17.2952984443
15.6461707336
10.0420706338
1.9374892933
10.69476345
11.5051859803
3.02342019038
11.206284175
1.6613209246
16.361558184
18.2266249105
2.27596294775
14.0750909644
9.27935205355
8.64559511588
17.0093446268
17.7915502632
13.0039917607
5.13726010039
1.64657759105
18.1814840316
14.1370544727
18.4760814133
18.0426950898
2.29661107
16.4336675327
7.61205574501
6.96563395644
2.51531219058
7.82314888011
13.8956485942
6.31969220727
3.16820992088
9.02095402448
3.30949877747
11.1966646509
7.47381240359
18.3220625573
8.39419432138
8.53550090969
14.3456356716
16.291172606
1.53454438169
1.72707515591
14.578126386
2.68823104322
7.65723662853
10.706632246
13.5539595038
18.0380138281
9.66601645052
3.91705672195
0.260185938614
0.621768335738
10.6053632123
13.3047858025
7.16159514964
13.8107031871
7.11712743146
0.714728809419
16.6285774598
11.8834019506
9.9806259782
16.5660753263
1.84291021762
1.22952941953
15.8377190044
2.09139677731
10.4740303441
1.0794859279
2.92814820121
14.773253968
4.42798993102
5.77969289494
4.52007425156
10.7676567479
3.13803511562
18.6283248402
4.13929233058
9.57643355128
12.3469296143
9.00714602668
16.9259073659
17.0797142711
1.5886096871
10.0972165826
4.93993306254
15.2680588435
15.5418402915
1.35709338483
14.4293598922
16.4167200871
16.7333291842
0.620549597223
14.4334480013
9.82182631724
16.7385473692
3.76003454476
6.40551758511
10.2860535889
17.7476420962
6.57939729078
7.71162151942
1.7123602824
4.19133355797
10.5219235673
15.9068838781
4.41674959572
13.4439393152
19.1043680266
7.77304494303
10.0620349591
6.90309492269
13.9703536321
0.658667790695
5.00697569691
3.26245918452
11.1501815731
8.0427226978
9.09006014973
16.1273023966
15.8673564837
10.7849136958
19.2820371999
8.28000744843
14.3763046699
6.76381221557
1.04241875076
2.67780341382
8.56956326242
2.41186041779
15.0016104931
14.8832181227
15.4142924433
18.2937363156
18.8294635891
5.18133775709
3.6651468408
2.83983420526
17.5350855859
6.20721584002
14.4231226516
10.937942864
0.269328515191
15.5578959573
6.71290810656
6.73073564129
14.2093479911
9.4700331401
4.99880449391
17.7792878816
0.536345759679
5.33334434763
13.7345760895
3.36849032208
2.68590624037
11.5070196582
16.6801598899
12.5268146361
19.9506151593
5.27803249678
17.0883884652
19.0187188434
7.98016421259
3.90386852074
6.23598967825
7.08245941593
14.5579557781
15.3451064413
13.8924346169
5.57126827217
15.7272692239
9.02109772354
8.66123558332
11.391229108
12.6410726347
3.06770969177
19.1708272857
4.56081112729
10.1550855591
15.5803170062
3.32067942966
7.60215814639
13.9441365725
3.19705148581
4.07817066226
18.9886705768
16.3844261339
4.16258347524
7.97328599404
16.6726320697
3.52613658925
14.5283258387
7.86313642386
6.31196194781
15.3218181764
5.38967246376
16.4798045177
18.3620252579
11.945996516
11.126490457
3.86972145468
10.0031376476
2.10541248401
0.28628098105
18.0384122697
14.4350328979
2.8488447752
4.13863778356
19.7756503639
12.3538246784
3.72166876748
16.8802686303
10.419927712
12.7167784545
6.31929288867
11.7085102695
14.1394287874
17.3373514132
12.4681935414
4.47110877128
11.7135911095
12.600928413
14.9783100638
8.39823795736
11.2716355277
19.5804620042
13.2955292903
16.8117861244
13.2460960329
2.9808744479
1.89078153465
17.146220861
19.8725163003
7.78756116873
16.1426869753
19.431733375
4.15269901886
4.2841740931
4.47900602439
9.97260973862
2.92595700796
