14.2688432812
4.21264221445
14.1199724248
2.72057664671
6.5210156784
12.4443736695
16.4999676943
2.47101582981
4.05745080956
14.7547567922
8.88553472968
5.68870513288
10.1602239843
18.2863433368
17.1017444653
4.58811552227
8.95209808747
12.394739313
8.43988578657
10.1261537462
17.9939306806
19.1424798346
0.951702008505
6.07789026863
5.76592951168
7.09690549107
17.7998695501
1.25545261967
5.51895188221
11.6076458312
16.6984402874
19.2160671418
3.03621074446
13.2631797954
3.2605282549
1.39999088589
17.1229063083
6.57079015866
7.56593008006
12.2738116143
11.7281097291
11.5218550195
5.76923964991
11.4999877053
19.9622492542
14.83437515
3.94438273618
15.2308414113
11.8412915867
4.08808930743
11.1279309291
3.93256225542
3.84192420886
14.345279778
5.41196703314
6.51744341909
6.90514782348
19.9709451241
18.5970638997
14.1820296774
17.0647947965
6.80630312551
13.8106403588
15.3465567472
19.6005415744
10.5455075858
15.5371664736
7.56451516059
13.0481927414
5.50024121969
5.72663327874
0.452060039761
17.5225133318
15.4713981878
8.05047483632
0.842106691701
3.16626283248
9.02409824824
9.17101480764
5.19863790561
10.3177092558
8.42386226134
3.31920456711
0.577730217969
0.852810919903
19.8118218953
12.4205233176
19.4397307572
9.86460856027
4.96332299116
15.458614437
1.49063525029
7.56485950178
15.7010205425
11.8263799874
0.919069864782
3.10347535089
10.7994809161
13.9720065276
16.9607970438
19.1361514164
4.87187906732
5.18897655131
10.0451189367
4.73550004865
5.71320638395
18.7846497664
19.3624115066
3.45294565074
9.73976378976
6.23757087308
11.4306507353
16.5790076858
19.9054560477
15.4430457344
10.396786826
6.76226440532
12.1546063139
14.621374354
13.6986539324
18.9541379381
13.8229032722
9.94248298331
2.72609124027
8.43295014071
6.93570506548
5.87750530681
17.9945300409
18.3148928961
9.77236240061
11.1939604205
12.0429127242
8.50363814623
4.72179172822
8.05958728459
1.13644729983
1.75990742235
19.0169030757
8.21601276757
8.41554083234
1.60302985902
17.1600023115
9.31946774361
10.1776548232
15.5676018842
17.2782824142
13.828799957
9.12067184406
12.5002061012
11.9261469716
8.63000525156
7.59656397106
0.854874266873
11.8222953447
7.89951689202
10.7750777862
7.76777143948
18.4421075831
17.0618053518
17.9925107461
10.6997097177
15.1658183296
6.17339048217
12.48555494
1.61194403786
15.9724544349
4.75945588166
4.94064133027
0.913426197079
7.43382125399
6.63080222079
19.5030128573
0.603597422508
15.4672378211
14.9184658996
2.07725620708
2.03676965063
14.0824666125
3.82098911902
19.9666822797
18.2848621684
14.0945264218
7.90950901763
9.13463606316
16.0043956233
19.5355393431
19.9618488664
10.4567800015
19.6835579735
18.6686541699
18.7213763651
7.69829360731
12.2308936108
8.45216693682
17.710899825
6.44688846865
7.38935565873
8.43144765346
9.13968434222
3.39841675523
15.28880199
11.8116386226
1.67372411638
14.9082755854
10.5174873674
10.2544848135
18.0690858543
16.9049123929
12.8242548727
2.79385447108
17.8671775078
18.234945913
3.35772158812
0.957061710924
11.8346909295
17.6871619875
6.95552697387
12.0474122148
13.4543389313
15.3325442168
17.555116524
1.81321217443
6.94414580842
19.8880559857
3.10992079352
16.67611428
16.1627749809
9.19810830196
16.3051052149
9.69780960805
9.20068106501
14.6687589767
0.865761029749
8.04610790746
11.456047001
16.0362440366
2.83809216585
17.1689217377
10.2147527326
11.3366716307
18.380112767
10.7937089663
17.765503609
12.5173078847
13.0794916223
10.8439124932
3.52436932671
14.432483181
12.5825161224
13.4272555321
0.340625469747
11.0425065504
6.65034994388
11.0154358172
0.859795776022
5.13064442139
2.37804395252
5.37264308029
8.7004610597
7.17178858108
10.6133018083
3.16541692836
2.58291307378
9.96733175068
16.6533157487
9.15758116134
4.54690917626
3.28813496284
2.55739201
2.09868358907
6.58484073864
10.4003717307
5.81472528981
19.9860070466
4.14165548725
19.4867971427
17.4554259865
14.1953323636
13.4248736402
14.9934207831
6.22901565542
14.0623082258
10.0914528126
7.22827676236
13.7159305291
9.73141179686
6.513051012
3.7905891028
8.32632660681
11.9127900766
16.8019607903
14.3345564768
15.3356402799
4.68339720566
6.96755392541
3.76625076739
8.91138800284
13.1452267868
18.8320298638
4.95870312119
0.603900779291
0.97296255922
13.0349187657
1.72501021035
2.74726532982
1.3305168193
18.8552617842
4.76474994551
2.34283468587
12.1387053551
1.67191309911
2.82087421718
3.57713801017
19.0927328563
19.7788133457
18.6877098321
7.84784155832
4.22594498902
5.5677800286
16.1142507119
4.93184082108
12.2736162376
15.8647860002
2.31902326468
6.69391123172
4.27575501135
15.8222504866
19.6607202769
13.8523846506
18.3988943152
6.54534624691
0.886189121971
7.59067908113
8.63039532709
17.9462741346
6.17731971985
13.1143589891
2.99340425486
10.8033568556
7.60276576066
18.9935567284
0.858627241718
2.44266953613
18.2553288015
9.04873749834
1.88812363774
12.0246371181
13.5283485246
11.5953143068
18.809562834
4.92927596068
8.308270948
18.0654627852
11.4028927503
5.65548577604
3.97079267381
5.86394875199
1.17016242584
18.1316110497
11.9715351057
3.19673185338
6.86518609545
18.885552005
12.1645512922
19.6983260519
14.8278333583
5.04564513561
16.6023830351
16.3655405636
4.71935393065
4.74223048551
6.23665635308
14.6536821761
18.6133270141
12.9808755726
17.2195471342
16.5448865356
18.5691927511
15.9665619093
13.9462073384
5.5057704924
17.8887154346
17.1898042567
11.3233164964
15.171300709
17.7282321143
2.91800233404
6.33869981866
16.6280645187
19.9923304272
2.15290525506
18.6509525671
18.0935629526
15.0459851974
2.72633353315
14.3896046077
6.4922631302
0.312148973305
9.79153431549
10.6784089015
15.404887653
7.90388186658
14.1918889801
15.1556980104
19.9404815085
7.98085223679
19.3454720274
3.87837309793
2.12129626525
18.3356103335
9.99883476602
7.11672231525
3.72996097681
15.6958366653
11.1699378759
15.083738413
5.5401539844
9.09621751167
11.8372639315
5.72465017243
4.71770836526
10.2482968308
19.5770806879
16.2819727558
16.5153835011
14.3132410031
9.15006856966
11.2948519902
2.88284255937
15.1479512109
19.4668991563
5.72615994728
19.4575177436
14.2659111504
4.46216400834
7.42703843459
0.839552607889
8.25555521695
1.69686814257
11.06095169
12.1944663239
19.9269443213
11.5374321969
18.9110511064
16.5268194095
11.2069436656
1.67270315442
13.4073287665
7.07157601973
18.4403017227
10.401970679
14.2309220175
11.7137846599
12.6171723411
9.62579554075
14.166712975
12.8846156303
2.93872583292
15.2940747772
13.9816958936
8.94944044084
17.0803779336
1.19891520371
8.84218138891
7.19934608579
18.502460391
14.5184366489
5.12628509932
10.8857155921
8.97273071805
19.3417734172
18.3380331609
5.04271840129
14.8050095687
6.01422693698
11.4448044691
16.5886462276
9.2135655526
18.5214153613
4.424749612
14.6004564789
1.29399278893
9.80900861702
16.2079584754
16.7377012876
14.2486914368
5.7435955044
2.62963557565
1.90197995128
18.650590794
17.3868594754
18.0785099518
16.0875614664
6.58590871992
9.46987771078
14.4573006161
17.272258986
16.0242883698
7.94141514137
18.1556547422
16.0580839487
18.2783011787
10.0598500177
18.6032132751
4.60159540614
16.1093311945
15.9087156922
16.4368962265
1.24242148302
15.2360371727
16.5897935064
13.4157299381
17.4197669581
16.7244969646
19.7110216024
5.10367084194
6.20773337168
19.8821181937
6.68891975876
11.7282434401
19.776281146
11.4115217096
5.88561057069
14.7474389967
9.43449625909
19.8519975289
15.5178110214
10.582315983
12.6844163064
7.49740293104
18.5956526547
5.5728175286
2.59027006602
10.1493904782
19.9177920776
13.4042635656
18.3470211328
4.37193896666
19.1222650015
5.09792886851
17.9252987402
13.768781628
16.8944483672
0.270406182092
2.63754712953
13.8989266541
0.939816129953
16.5016394605
18.529544968
2.96304021148
6.74158421366
12.3725970626
7.10755204888
3.88961261063
13.885465658
19.112985227
9.28472406338
18.3328202083
4.01540653497
3.32690954559
17.9619868946
9.00729699153
10.5744711418
6.27968827735
6.36750917265
0.945977503145
16.1563654917
17.5229525546
3.01523084155
13.3777883748
16.1237070007
13.6735590698
19.7983663773
11.4986452004
1.69725634115
15.7926820899
17.7844016277
1.08415083258
2.62852131782
8.29327348807
7.9459769716
17.7262826368
3.29005563871
18.7492586274
11.5530453441
16.6803809183
19.1593667107
1.3838855158
13.7457066743
3.6342821356
18.1433524735
12.7142614776
17.1261712382
15.7319062664
1.946274812
15.464741007
13.7171688026
12.2157664939
19.7973002327
9.46210389633
9.52511273376
5.99408736332
9.17976354204
5.35728303447
12.2252464229
8.36730773295
4.65287401252
2.30784199768
1.66011845594
0.376777797952
13.1872419945
3.30363386359
8.96192383087
16.5822589545
16.7909447744
9.97133188673
3.4410828433
1.37719096494
13.2800843504
8.2674204169
1.92172856384
12.7738005947
16.7745542594
2.72629913151
8.89624806966
6.44570025873
17.6328740277
1.98621109233
19.4787019702
11.4455012733
0.688393786825
12.4926278408
14.1942496673
2.92385731928
11.5659616193
12.3400886188
3.00148127559
12.9050992243
13.0245101648
17.249710746
9.49945573762
2.97025408349
18.201107437
8.44104376511
18.4341134887
15.9108701404
8.33975635
7.91255183014
18.1354024741
1.33082969159
15.6545189338
19.0031771694
16.5867268767
7.71111868773
8.51661441699
7.48415718637
19.7488080054
19.8942254325
19.3224987677
13.0227136094
19.2733957744
13.0286826098
2.65341278925
17.1872373669
11.6257262263
19.7973170303
7.14594523191
12.9810459471
12.5516362355
1.95431559569
4.55851217607
19.6914083298
1.10401759409
7.72263112118
0.558859151038
9.98516046994
19.7208469056
14.1446062985
7.59270343165
17.0257346695
2.03595633508
6.95553961647
5.1627682321
1.08704367308
18.3226408865
14.6553217547
8.31417725751
19.4373992744
19.6839745718
19.6358521421
19.5254329434
18.5327447
3.70092777768
13.00794207
8.43555852285
12.8416407368
9.95135298526
12.954271859
13.593855591
7.34747106921
12.3449089934
1.31697363088
18.2184752371
1.07527104266
0.390332812721
17.6065025306
18.0081791033
16.6269152993
4.20292791006
7.50518665861
13.8771026234
9.90454678745
0.497395871009
12.1088509481
1.46513769272
4.54938303049
5.67707339868
0.298325414045
6.95033567913
15.2155547376
6.27359213946
14.3835967634
5.9283448944
9.52980441584
6.09186477709
3.04860578206
19.2557014522
7.50777666543
4.04799395715
13.3685190624
10.3208429135
13.2897565573
5.34850076287
4.48389257906
1.36871895404
13.164994381
9.95700139298
10.9482859111
2.77319816664
18.1671573089
2.91789057002
17.3297721496
9.88312763667
12.8583199088
12.8225327118
3.69317328481
5.32030946163
13.1315228225
17.7272670972
0.682607231252
0.937301842826
1.25418581011
1.01519219927
15.81188497
9.0426245634
13.1716080395
16.3330333864
7.74990907854
14.5017183473
10.3382189981
18.1392094147
19.5899322146
13.7673014689
19.7900204394
2.32840295282
6.49161803219
2.14128170536
7.92903169571
16.8959192318
13.8621308055
3.32552073302
8.70154661319
11.1471894474
14.2836047259
4.42831736051
7.17564378744
17.5993712145
2.48686549559
11.8277919084
7.62037387483
3.03003155693
8.91079908096
6.6576693406
18.5796655608
14.7791032932
3.74068745624
0.441071124557
10.5452939564
8.1276669197
9.17175568142
6.68348306092
10.9790889768
14.8292019911
9.35506269288
8.506524964
10.2478755125
3.07758863231
18.626372926
12.6928753081
15.0658319326
8.45342949269
11.98237405
10.0056469808
9.08614073524
8.65832521
18.6904144452
14.5231497502
2.71801189263
2.5662298578
9.00757934099
2.64454000599
1.02507830183
17.4628140121
10.126253511
12.7694349514
7.11550090735
18.4521289439
18.3334693886
12.5768352675
11.7646774944
19.6353496385
5.79584186926
12.2713143414
17.9470484291
17.4457579262
0.822775409809
16.6425347571
5.1504616403
11.7584175044
9.07668210656
11.8326136412
3.23360952584
5.08252865331
19.9442650057
5.04969641782
9.54121585422
6.21027523329
6.259766193
19.5617339729
2.75643890886
11.1315157401
1.15729976725
17.7881442178
12.4764128964
11.1701201537
1.37841793682
15.0627515338
9.59991523826
9.89847969608
4.0519013373
7.00541657648
15.9949084767
5.92798037849
15.2614369595
12.8684694557
4.61020865409
3.37130607561
5.58114022938
17.0728034042
2.80062710149
2.05750983603
16.3808572439
7.84928801586
11.1613543146
18.1915660721
17.0942065119
9.16497713314
13.0386311952
19.2621915584
6.58907983576
8.25108914491
2.07181758134
1.15596357828
17.6455367447
15.5681592519
15.9479334765
5.01016622695
6.2663940129
18.296375527
1.86939144289
17.918087077
17.9447016806
8.92901402006
5.20440976382
3.48675475776
19.0318640849
8.22236390123
8.97632883819
2.78519345545
9.18832034089
11.559967495
5.50331539009
17.9013596495
15.7313846736
17.3741412228
12.1550192216
9.23816449595
18.511662372
4.22413656448
8.88202276698
13.7486249597
10.2015511611
15.8993410041
13.5521749843
1.69662903143
6.6754962859
12.5105763747
18.2100556949
18.8428233106
13.6754942607
15.2680552731
11.4807150692
2.34896366977
12.5664020466
16.3524402418
12.8054236548
19.8239462646
12.6451774136
4.4540017831
19.2180020674
6.64990852483
17.5312562738
0.549201187419
14.1651185856
2.66507169833
18.0894786327
14.4719381285
5.09935511588
7.0241256597
11.1476423541
5.31004854237
18.0166772607
10.6223417584
9.97832121617
4.32788686209
1.50056750096
9.94037381737
14.7471094825
19.5203560566
6.05604395084
6.67343960992
0.814525781589
3.53293719883
1.24247444722
3.09116362608
1.77067241264
15.622607983
2.56046698197
2.16546150537
10.6826836394
11.6700931811
0.951122418937
13.8019536204
15.2861829828
1.72104868674
7.87876801746
1.69133973822
18.1385322705
6.23227902503
0.385843985214
16.2408440043
9.31955630996
7.1871221824
12.9856564328
9.88410094299
4.51419529557
16.6748888021
18.3598034081
9.32129901729
1.55676093518
12.4889985312
1.9955841879
18.6829195197
16.1511199761
15.5081334534
19.5826496423
2.80929181123
5.21668084851
18.022047439
11.3740156433
18.5175035335
5.62722522435
16.7091261038
11.5416937452
10.9240440159
19.3438381725
1.128610146
2.30438580081
9.85156719593
3.55325559002
6.35979068198
11.3739044684
12.0675136553
8.00899022136
16.4465249077
19.2769656492
0.468053001958
8.34961373163
8.88877827133
16.7025368819
3.35137036998
8.20980027186
17.7447938506
8.18391074171
15.1533404301
4.63769203575
5.63797280352
19.7810982354
17.3582469575
6.87504090627
18.3994254228
0.845100286587
6.14313504168
2.08989187736
19.7502467837
11.4555032595
15.9286631361
13.5472316088
16.164827525
14.7811993771
7.71693041769
17.0665698892
3.46416567839
9.92921846992
14.35978414
12.6785540325
11.1097744719
9.92657822963
16.3048266317
5.21881094369
14.6464459502
6.12274770884
8.8675924945
5.40803746937
4.96192017319
9.78405462918
11.5436916862
3.04268145268
15.1557335984
1.74031371698
16.0032160792
19.5549966098
1.8425203383
8.56521884691
11.6773513975
2.40753253698
3.04462425309
18.1631814976
17.1902515461
7.05605777247
18.9338092923
19.565999426
7.57985154195
12.0775911693
4.78144332441
18.3516717921
11.0589915961
18.8658361531
12.2084210077
6.96654594574
9.38582959059
9.37739487688
3.20350902356
10.8403844545
15.5406496302
5.05895652826
1.88936761886
4.0585097701
2.99153465366
16.8507086921
7.79696148607
4.43761940744
4.4302845405
15.9285566084
9.06582349439
17.9177144424
12.0731368557
15.7059213466
19.1736526008
5.45987074395
15.621907377
4.60506268197
16.6388405334
10.0006898693
17.9691138655
12.0555309527
1.06615872447
4.72517951622
11.1792208442
3.26465001309
4.82445324455
16.694202106
10.5088352729
5.7160144154
16.3746899246
4.0588623616
8.19599312886
8.46224066653
4.5860354991
11.8918801657
13.9276092603
17.2496980733
7.16271784208
10.5422655075
17.9855378056
5.12537515286
4.4990369357
6.55093382152
10.0033644964
7.30628174091
3.68082741235
6.75737943149
4.09023214193
19.3087923228
11.5717128495
17.5856571259
11.7517606694
4.01782926849
4.8969473552
16.5864504594
13.9624857727
15.0357786497
8.49718923458
10.0653484617
7.4661467323
2.82771438851
17.3457869137
6.56621981987
19.864667949
7.44819691957
1.66610607703
15.1266209089
6.34916591258
2.05188726405
3.44971160359
9.77945116156
5.48852691554
2.44145660229
10.6249898153
12.13263028
4.33005087202
1.36329754286
8.55737024992
1.28439998793
14.2485452778
12.8170935359
0.343476063229
2.44607473764
0.21315398604
1.70029818159
3.15094631886
17.6073402021
12.2526861518
1.32002132937
1.63373390402
2.71483506882
3.26421656053
11.9087135706
16.5116871095
17.7620327253
16.4616109557
4.19303227299
17.2239762344
6.63910472449
12.4706587708
9.95864854508
8.45583181673
11.7693943576
5.77751478747
17.4637147533
15.3625949159
11.2135163576
17.3045653611
0.374175895043
9.22758464786
6.25637344557
18.3474021956
6.57112013425
11.3288511896
10.8858105224
10.7590135814
15.2021440182
9.99683571289
4.19814177382
13.4456972028
18.6038900647
6.69998345489
6.16553865349
15.3048389503
4.86928176254
0.620417954206
12.8322106415
17.3705049029
4.19739195274
18.6077424339
6.24268207517
2.48131667819
16.7569043624
18.4075946366
17.7245213286
17.3404046818
8.12927746064
18.4536211547
5.5967599922
4.81076366967
5.30377126148
18.2580358338
15.890462369
11.7930096096
12.5861001529
5.39525858615
4.26123372223
11.0669475316
1.26897529808
3.47909124652
12.5922771701
19.7848427219
11.2164378514
11.2348152765
17.0998678374
12.5995463652
13.2338827313
8.25456386147
6.42984940969
17.6340596656
17.9334939769
12.1793400232
4.23493073562
18.5040879144
3.96166323503
8.98463636451
4.75658304969
5.12193709429
6.12072227694
15.9171993958
7.79568514812
3.71576687758
19.1667531128
11.4341157158
3.76003619194
12.21794357
8.03485138627
1.05097383746
14.9208366903
16.0268365416
19.0480674119
16.8887758721
14.5365447661
14.2906249905
8.9675956589
19.6425999293
3.91150166583
15.5791999384
13.1730292638
13.6708982347
4.89841733375
4.86229899461
5.37771498076
18.089821004
6.19312783553
2.89982624668
8.20231964811
10.3087279652
1.40979333845
11.8171537378
1.785916679
2.02523955737
6.01203242148
11.1819897579
4.14600455512
19.6319639148
14.6632825331
6.85942972935
5.12774883009
10.8324898134
13.6221125174
11.1028231688
15.0628769897
14.1398422227
0.790647254101
13.0866764084
5.89562114056
3.89721582879
18.6129199606
18.7663978837
12.0178447715
9.86882061037
17.5238303808
9.0931830398
2.34691557371
18.4281030732
1.46592809631
11.8405939216
18.3712849525
1.94891705598
3.77077646279
17.2377310619
18.33753196
14.4425900634
11.6991214125
1.75218270723
4.35175630658
4.41492987353
12.0467666222
17.157090798
11.933778399
10.2084043142
5.09617923691
14.2236240405
3.29083310887
4.49106084565
0.875818838686
17.0018672011
5.25374465599
2.79472738201
10.8096092072
16.3850552377
3.55178870871
6.18854976164
1.35279570488
9.78857921666
14.9869581446
0.221430644701
6.26777490812
15.3060047488
9.03608963704
5.40223538893
1.71713429071
19.3398274193
19.7382293777
19.3133078197
6.91115600296
17.1032363458
9.27000802831
11.4741508938
11.798714898
17.4001908553
5.38934143351
18.7251043011
12.6376511971
7.25799754406
3.07203532863
9.12807210051
17.286272088
1.44737041452
12.9150486491
6.74904568333
16.8086494597
10.0661432262
11.9835074274
5.88825001861
14.6260497935
13.3050838307
10.3474217318
1.63890534501
8.76964162096
10.5601100561
2.65873159813
4.03320088101
7.84024689138
16.6022544447
12.7899033143
16.3918075009
5.52277730627
16.0129264615
7.83637129678
8.29152252987
15.0418237185
3.27800269188
13.5132756386
13.4129973951
13.70767339
4.83896295962
10.3679906407
4.85249897135
14.6216472097
5.01101494251
10.0163181274
15.8090702848
11.3409907258
10.2609599373
2.82827199361
17.1044920058
12.9439488755
7.20304849089
18.6785126608
15.0914531041
14.4485125066
15.8980645693
15.2185599596
12.6111614583
4.90887740341
19.5638918859
13.2851739534
10.8798006625
19.9215622332
17.3431650131
2.37032363982
6.85918351076
13.4796289041
16.4554028712
17.7141274424
8.89779549699
2.70551082599
10.3173162494
17.1807532954
7.18547205292
2.59596903702
15.802616944
12.0756085925
2.20475275855
10.6171918188
0.633797358113
18.3905321307
2.45436977575
2.96248432997
0.499258794618
1.36227104467
8.13261563032
2.82172794421
2.25110277127
19.0620716399
13.6879718679
6.23641171911
17.3143339873
16.3592278859
1.37679901657
9.65616642841
9.06547473342
4.99254126672
6.17568815739
18.5874726227
16.7722751317
7.63714948286
11.6469365905
10.1531592381
13.8261775468
11.086599674
7.57247680842
0.981425015748
12.3650676799
18.2067793306
11.3812553101
11.0811840301
19.8653664393
10.698952521
1.92492628866
13.4768611271
12.8139351993
11.7912101397
0.635746961107
15.5916226003
17.6073843299
1.2185253378
0.632057212216
7.61161454456
18.2244042358
7.77176494344
6.59068236556
14.9354877422
15.5113597233
6.12010965566
12.37725453
17.690920965
6.61888534346
6.23117884771
6.70653333643
13.2755045476
2.27854506516
0.868124108125
1.45305842594
16.8624752463
14.6696198726
17.7111502679
17.2997461094
2.42330230402
6.92465007372
0.982558562898
17.3746326804
7.57299654862
11.5007779269
1.33506846318
6.5682411279
0.738604339844
10.6495985545
8.1527847677
17.4552490536
5.95409796
14.3317563101
10.0105496811
18.8140430131
1.44166873239
1.8770597706
12.0225594583
11.1251731978
14.7562169482
12.8709861956
12.2043115968
16.3623851026
4.94615701782
18.742776928
2.61702301872
4.83475473733
3.16588225512
17.708471237
13.3743171944
3.59345325737
10.3932079977
3.70836076321
19.1632184191
0.409898337167
15.7501042117
0.59697413393
9.09448803504
6.61192908717
8.88505772
13.689509051
18.725828144
17.3718506949
6.33192644543
15.0235549661
13.7821545142
13.8080944474
19.9513070849
14.4540293656
0.32467211864
8.10766765825
4.25937737524
13.7326857665
12.1710228509
0.952881712448
7.22290434373
8.39466730503
8.94241739145
9.20058145627
11.1262243471
5.68661944529
11.1551652017
7.26919689353
3.16431799102
15.6852159622
0.804504637527
19.308381682
16.7524847705
4.30666818739
15.2908679722
5.52807615777
16.6199376954
3.43423349634
19.1575987584
7.57013848648
15.4872517792
11.6541628007
0.270667504958
18.6638325394
14.5775737966
3.14689194049
7.21781488691
11.0834114165
1.63510217087
19.5590293752
0.746916135506
3.56537703349
14.2374307511
6.93536535597
9.29770266526
17.806132518
11.0542269782
1.27151679423
5.88030973962
9.88882913302
16.8596079538
17.6317641239
17.1672833468
12.5927345546
10.929639029
10.8049639866
7.68244275962
9.40453727923
4.91599142029
12.8021506475
5.79810602927
9.46913610717
12.9894447087
4.24153889732
17.923760705
3.144044379
5.86277637994
10.8252300701
18.5722231934
14.6014741477
16.7900112614
14.6271393069
6.30790224463
7.08407737329
13.1642684042
4.66163378933
10.7258172786
19.2464913993
17.0719896123
6.5316427494
12.8968999644
3.61941326829
16.4302875839
3.35263542985
18.2273658517
2.13890293467
7.52938852296
0.961310096154
18.9606303173
18.4009256416
12.2823113305
1.866386709
3.31160361019
17.4439330189
18.5679670646
5.54364274579
15.7462288138
12.7428712468
0.812973131583
5.58903165829
9.17044814281
11.5599571235
11.0430388676
9.13491771284
6.53280525286
15.2714077466
11.4462553238
12.0881772495
16.6218541148
15.1841743951
10.0372776879
13.7752288818
3.71156618369
10.3257624017
7.60254164891
18.8856262551
3.62088108779
4.94253508298
17.621515242
19.8276904705
5.23581862761
5.80297545475
2.62381883049
18.7373418132
9.36899861124
18.3281176947
2.29491282818
1.19490687398
7.84734408321
10.9399701886
3.03833823142
6.41775723345
2.93212838635
10.1740829426
11.4958389858
0.931012184436
4.57956786823
18.8003246629
19.6509056674
2.71944129876
5.61464934852
13.8104299098
15.9082138598
5.87266424138
17.6447713819
12.2878507529
4.52913459899
17.0220901168
19.6589838942
0.872586414962
3.56916206998
13.3207177327
0.543325358855
12.6620558136
11.7525231384
10.2614276696
8.5156773002
16.0268334524
12.4217232305
7.93443132931
14.867526845
19.7545195076
2.52878363001
6.01492146545
12.2604015313
14.2444661365
3.21410461155
18.5011436509
4.00983964679
19.8368410224
1.01043259164
13.9509353969
1.41746326355
7.78395703886
0.661559993992
5.72603571514
6.90401243605
13.6204624724
12.7299166305
19.3242745088
18.5632746291
11.1300046308
6.27567385481
15.1342481864
16.0096065905
17.4187881524
1.57418113535
9.25650389991
10.810563117
8.76418239923
10.3272113628
3.15092757616
13.9158722527
15.9716380527
19.0814541752
13.5888057678
0.397744549131
2.41646789102
8.51915950547
17.0033511205
3.33212678984
12.1850162058
9.95267419527
11.9084981709
6.1179516683
17.7865727895
16.7952842809
3.48590973818
6.82302574864
12.0348134949
0.905055908631
5.31859297653
11.8179715057
1.55661657011
16.7793329696
8.39087802378
13.1912700225
13.4734945146
18.3130346684
11.6579229015
12.0834255455
4.73085227979
12.0408274546
13.4325470412
14.3968678618
6.3373715631
4.98829584864
15.2134103105
19.8698727387
18.365721924
14.9103961437
6.65428759709
9.50425019093
13.2176090202
11.2405457075
10.2818252356
4.17880159415
14.3856253639
14.2026029645
15.1380847791
0.679532143058
4.03544952807
5.42349701068
6.01244093121
7.51566361371
1.22535856943
7.76902011725
15.5550504345
2.40023920573
16.9410003152
9.85951276307
11.7030910137
1.66859761487
18.0243225468
7.13970639173
15.502648236
13.8670021631
16.1762080645
12.0688722244
16.852665563
10.0674773632
10.6523322903
5.81058743059
3.43020705997
11.9712392259
19.4101163851
7.21144173874
12.5144277623
17.8927071152
8.39885912556
14.1977207269
11.4676449779
13.5957241725
18.3233242772
8.46348097771
16.1134303986
9.23222769139
12.4106306023
8.33540376522
12.6045509645
14.5896200639
13.4435107307
15.8040557532
16.8538305654
5.49442009598
18.883905368
1.94010394306
9.50562239777
8.75024913009
1.07290881205
17.2416049148
12.062658136
16.3533505203
5.85681596405
19.8194412075
17.8939947362
13.2750259566
17.5897715703
11.1966946591
1.51820815236
8.45260568687
4.35148632099
10.7806661848
17.5612219854
8.57335446315
0.643400814428
11.2298418188
19.7161812701
4.64082877272
0.556902943599
17.355327022
4.42320137296
10.8636979367
1.05783233532
18.4795595175
18.6442214489
0.719448625905
3.77022747514
8.78930560736
5.67383142784
14.0559988648
2.97563856669
3.54480184507
12.5622650114
15.0859790603
13.0709714078
13.0475895938
15.1116955366
7.87959154428
18.1314450233
1.33390372894
5.54246231318
1.28113216226
19.9740422842
8.97731011808
16.5937970882
15.1368653077
1.98851822761
15.0818009744
19.3762146162
16.0353501598
4.08235114155
11.4128101041
6.19698239442
19.0644966319
14.5956004927
0.789230828575
11.9198847922
17.0948950757
0.839588820663
11.9089099773
14.9290687614
4.85606805607
4.62146639808
10.2374175128
1.18512244656
0.535459299483
15.2644270885
0.39958943866
0.815649360591
9.60579801815
11.9082538483
17.3353194037
8.91008460952
12.725031113
14.9490984867
5.7455505549
16.75234669
17.7783108302
16.4426442866
16.5810928625
6.45441340212
10.654769381
15.4972308246
6.96125939938
16.9086925108
14.5854318682
1.07010546301
7.56033178524
8.76845833011
9.7619299807
13.9054361578
12.0999812206
9.90012493998
14.0173358894
15.6832606647
17.8623888428
0.717617626401
15.4720799051
8.15169682718
0.91350400914
2.27250442897
14.3082448759
14.1075387277
10.7569517283
9.62813652858
19.2518949655
15.0776378093
8.42264072602
10.788573442
1.12148423713
19.2143674331
8.93733066351
14.822443084
5.56675354301
11.8063074379
9.11441316466
5.62064457258
3.28662603963
2.06415081177
18.1726014365
18.0670730784
8.40703567062
18.3355877213
12.035006752
5.86795586033
16.9491190218
1.49317673951
9.01957241106
8.34573550337
13.2356285916
6.63522038286
16.5839154862
3.80791823625
8.66920305383
3.75166400794
16.2517533908
6.41316680443
9.79694996784
11.5814122588
12.4128403681
5.83442806322
14.9845324582
10.0246461148
18.8521547832
8.75823642383
14.3216816263
7.89721862394
15.2730781711
16.126793033
9.46742818368
13.0981777512
17.3820499634
11.9723702449
2.00356464577
13.0423723464
7.05959527175
16.2841296661
8.02542334685
11.3616110304
13.9530966054
17.8382918575
8.16812049406
8.5697132347
2.32509345793
9.05051702659
15.6438541745
14.0243076519
12.2083033151
11.7332437594
7.39090087297
14.8404290687
8.95805774467
12.8592466878
19.4574401409
1.68907849027
18.9289954784
3.51402301542
13.5687889547
17.5183523628
7.17972751066
13.1733620078
3.2098829448
10.9886994339
3.18560742276
2.84255397106
8.661575123
11.4577127973
12.4673611988
15.6045666536
1.483212519
19.2176442521
16.5866833959
3.51582626381
15.7960694673
19.1098007462
9.93461038356
6.1471606131
6.38835128089
18.6560826979
18.5443811504
5.66695366576
19.7781589184
7.54686140735
12.5477110979
8.33312588094
14.925076301
2.46047141361
13.3157615948
0.203290068593
5.33759194907
3.65593211753
9.81790730941
0.564656738712
6.2938143969
10.9966524738
5.53684975006
3.11723070846
16.762405788
4.09880768177
13.2246120179
12.5905195086
1.87916266501
3.9391450646
2.6165756618
12.043081877
8.26362801795
18.9059635463
8.02648689786
2.43359317722
4.77059747208
10.4801287217
2.35507522557
9.81950177069
19.6282692147
2.0060212056
17.0852398277
18.9776072992
3.8728611496
18.6823101827
15.3337001553
14.9519252191
0.888292457883
16.058962588
12.4286756506
0.915191747462
13.4656452368
12.8893862624
8.81108420307
13.8024199478
17.5280838363
15.4892741485
5.09145870727
15.1593745935
19.8388517511
16.2025013109
4.20247718229
11.0139666536
14.9207659532
7.22111694729
9.25670349174
17.1233894712
14.2879910404
10.9609912996
10.0917631876
12.9152869932
14.090079528
6.24662730944
4.76182458346
16.1561442979
4.42402483496
12.6084789619
11.3198546209
11.9443038566
4.3947840872
18.875816691
14.384084722
4.59747994225
5.74544139005
19.9881248683
8.33499990646
8.0723558711
4.10988410442
15.3573107566
11.4816925865
18.2521014504
0.227255786286
4.69103168332
17.5520501387
16.9796388321
2.68084255613
13.230362455
18.6140299348
3.07929803392
16.3859824212
5.84752385522
5.29120642958
11.8284453581
4.53996464431
6.21507007609
5.06946513962
4.31283080185
14.5416389983
4.51100964403
2.41966334439
10.2361682441
6.96809026092
2.84542063947
6.80716536922
3.12299831439
3.44564921458
11.4799446657
17.926136888
8.99087470575
19.8088189131
12.9935113629
17.1337559173
13.7929478384
6.24054387736
12.3787561747
3.99955958073
10.0518267396
14.5176242718
13.9960123826
17.1139835919
18.3734155224
8.30959371063
1.09069083867
3.32875871485
5.62252946729
4.42087284358
17.2730052755
4.7316151158
3.32179184345
2.86242579906
8.03752396882
11.1811862595
4.83433360293
16.4169676003
6.09526816539
8.6004413128
5.65714684308
3.64684142121
19.4390177285
7.45676244925
9.51094927374
12.0571747341
3.97145441477
16.4925307504
1.05998652949
2.63416140144
13.9319327329
4.13996220609
17.3812099698
17.9700474466
15.8768459572
2.98028586076
18.7436314801
5.4558797741
15.6100213633
11.6969602098
12.6276952497
11.8588414793
0.286274409532
18.2144780241
4.88527297428
5.06417352863
17.4463834677
8.8552614772
13.5258711377
13.4757999727
12.3041129691
2.49031706533
15.4268617505
0.412190178282
3.85582115206
10.8477015069
14.1433968971
12.337992123
3.74231950059
19.323519198
6.26645802699
4.66986655178
10.5560725046
6.64382393025
17.5864223432
4.82297997467
2.84758706897
0.20250379917
10.3585611427
17.1618820088
4.39418533207
19.9907243443
14.4666973821
3.39981255156
5.85366717911
3.16292143336
4.66796831465
12.1774844706
15.2196361867
1.90334307561
12.5481636692
2.2209486044
9.60457738191
17.4424363955
9.16274791499
4.7155302966
14.4299176522
7.50484631518
5.32466681146
14.0880824817
7.21077390488
12.3026767071
0.71381580923
8.04650415309
16.8792381951
15.2965724612
16.3201612636
8.58151902744
9.67887313121
4.9560932872
11.1896218731
16.3950719816
12.9176021364
7.91394816719
5.12349258904
5.05205124474
3.87069723408
5.36389647309
4.01554893558
0.352266962739
7.61654028708
16.624955689
19.7461471133
1.47056849855
6.19270212931
3.22443290312
0.635983562818
17.1604295608
17.9061637167
14.645195094
3.37512294332
0.326736834091
4.01588276807
15.1957572295
15.8069782227
7.41101641081
12.9583410119
5.93999786627
1.6637885119
19.5139792471
11.4978443107
14.5879985879
3.5065258873
3.38143231349
17.5593663369
16.900250357
11.0616866983
3.81796633439
6.61466081061
7.87086005321
3.21538516353
19.3511156442
3.75039200784
16.8389493613
4.9607470839
7.66463795612
11.4829085238
2.71584289086
8.44658101235
7.58616700437
11.1001189808
2.7187212916
0.746838548885
0.991244808221
0.627255776073
14.7692708039
19.3602360599
10.7022337911
14.4451457455
13.2412816474
13.2006469961
8.92716336003
1.82587672862
11.4788643226
15.9388404487
0.714258026948
16.3896958178
2.3490277414
12.4527263079
2.88450331162
12.1640211179
6.72360650813
7.05260893415
17.7707821928
0.214340126033
3.93128911575
2.03373509851
14.5195155375
5.75402012716
18.0799636812
19.4969580958
13.7734387784
17.3215012786
9.89082016351
9.98443509306
3.34446571491
6.72524664883
4.70392307779
6.11603253758
4.49614055241
12.6154736266
11.062921537
8.44534811009
17.3562515522
18.9439971297
12.5234422419
7.98107306592
15.3446146068
15.3827277748
14.5444041371
14.8648187777
1.72983423385
9.27367511292
8.05419621489
9.45195616253
1.55093104218
16.490271111
7.09619820939
19.3789928767
13.1524737249
3.29583608211
15.9085459406
13.3978615607
3.19686041214
0.870577508722
12.5770402556
11.7649446773
12.5519760196
7.4593529151
12.6393858741
14.6654208833
10.0606841238
8.61108410982
7.49596816569
8.63606320822
3.90928498643
11.7754667321
12.5448164238
16.4289111746
2.10962136997
17.3501078135
19.5697769932
6.0672591677
15.8114526907
19.3745152817
3.51310952392
0.559504406652
7.0132160336
7.48098809627
18.2875856371
15.5872449815
0.415070229885
2.8259190142
18.2632011095
13.8383684482
6.60505553286
16.367183778
2.41091554324
7.07796965596
7.46198691664
12.7949691662
18.4960640384
17.1615567586
16.7285010459
18.317543965
9.52704252334
12.5520914388
8.94105750034
11.2780407227
15.7670627012
11.7167975683
16.9515723565
10.6337179535
1.3238126048
6.64506676142
15.7355619778
15.0087417335
10.5000736692
16.6487134917
10.3782001131
15.5876263982
1.61459140793
8.9617895973
15.6022316902
8.30638815509
17.7038417447
16.1068914732
11.8265707328
15.8710494007
9.91852914435
10.4875278228
15.7236938624
14.8054328803
6.46609795693
17.4744978965
7.29324171341
9.60921097935
12.8425372614
3.45808798964
15.2767883204
13.0822142171
16.496935499
3.28720351423
17.5150999298
15.1126477719
3.76238592269
13.2938957573
7.48643901757
14.4214830296
2.32086574444
2.58167307917
12.262740076
7.0514503697
19.720126093
18.6226868808
5.52624828123
11.1277057641
11.8331968474
14.0460577424
1.87041783242
10.3661883456
14.6600078664
16.8490062774
12.233558991
18.1998155626
19.8970280685
18.3808755612
5.01830826749
18.0007795873
17.1911263214
11.4661253494
13.8151757589
0.749577377367
12.6800247017
6.75528599051
0.331122188589
19.1953040489
19.6466610806
1.92102283053
18.3590664157
6.88284574111
10.4243505605
14.4546073621
17.7720802975
5.14403770604
8.79684750607
13.0246455373
6.82584292631
3.68616981172
19.4465157332
13.1226687849
16.1529345135
10.3564763254
14.1936897129
5.86584654185
2.18227875975
10.1198396761
7.46113753101
7.59134974567
8.3704948724
18.0490933067
19.6209164941
19.5709257876
1.0267486535
7.34163162065
15.2567315403
7.52236106985
12.6724633098
4.8340406905
17.9482783223
15.6691554564
1.00656056719
10.8117745903
18.8810487418
3.21724213086
17.7545832808
0.717080006249
16.6607329941
11.4996676392
9.09054211382
8.50968746469
5.35015690762
6.42350790253
16.6209237129
2.43206600547
3.9673187846
4.67675292537
17.6730723454
17.19737643
17.9503131606
12.5367384755
5.68577917399
4.9647493689
11.9663538702
11.3577449913
10.7064324369
18.9100172036
9.79731455629
18.0993983262
1.99320528728
18.3594686346
9.24730077452
19.7991720608
1.26153684842
8.33375244177
8.58754340063
17.7289835862
5.15615242339
11.0340104354
14.5847548141
17.9322150049
2.38575478284
2.25173351535
11.1673070922
3.75509029212
3.38168399077
6.89050364748
12.2672504038
5.06424253251
12.0619161255
5.23835795571
2.86426389183
3.83554215778
7.61233640175
17.549854702
8.38190296006
9.85536902591
12.2228951413
3.71329936372
5.24160986511
9.14976547917
15.1527767257
19.6948915337
10.9874581145
3.97800031777
12.463283059
10.5378981398
15.848623292
12.6269975079
4.25847873288
19.0615457337
1.07508459466
8.97052866524
10.4365817368
9.33325020216
5.12970010291
19.1248212566
0.282039739496
3.75507392866
12.6673549265
8.86670261697
11.363682213
15.5837051404
9.36648931974
14.5098321057
1.36063375872
18.3167860996
10.1195592896
13.418974362
0.839843661816
15.2771397913
13.3950088537
6.06161566683
18.5622733736
11.9831039104
5.59138096315
15.5259741013
16.7223810434
10.4496185376
3.86012972194
8.00082205079
1.54640961442
0.815754891665
14.2042637795
12.1703109386
0.259353011832
4.86526449593
6.31515216969
9.52842635922
1.86699568466
0.536550863263
2.84465092803
3.75079790436
18.2538380368
6.63861881144
5.21057904892
8.84231939374
9.57854333481
3.6281704915
9.22336094143
17.5204314627
2.16053424033
4.05179906797
4.74625182193
16.250232408
3.85387369001
17.0851761205
4.69876777305
2.8280392544
14.81431459
19.1650426413
10.1481365631
14.5761630056
17.0832103372
18.0306645478
17.4106025638
13.0095485736
8.24880473149
13.3697954097
3.12033777388
2.03171350531
19.6604938736
0.823166488659
19.1933966058
9.37764236767
9.36604719149
11.9417804837
2.33817020012
10.4184912168
8.48366854236
6.48320244735
15.8093582715
14.220962549
16.5321558938
5.91079305343
2.17086222819
11.1616834744
16.4140866538
2.45665502322
4.41112835703
15.1982272884
8.88829214066
11.0825265697
0.395952603524
5.94817116569
7.27492941829
17.3167619103
10.6763630637
5.81918721418
16.4677937042
2.3642318969
18.217049151
13.3967413166
5.58148903034
6.32602389147
3.14609974297
9.4083055407
16.171757905
6.48653827384
2.00688855746
4.74813261821
12.6697676882
7.94141164047
10.769839979
9.85256915844
9.18404265458
6.07975294502
15.9745498172
11.0716190976
1.64104244826
17.0955755508
7.18182430484
8.26991474559
4.51063728481
14.3666412885
2.07155721505
8.53331737972
16.8111891773
4.7526493004
7.8141825095
9.84628200313
9.57891418885
6.53269182177
13.9266655115
0.947960581289
10.2863607509
7.67110738695
5.18045041996
7.27259549136
7.23227859879
4.2567727155
3.38391149746
3.07406986324
13.1943554055
11.2740163306
12.5712016902
18.0805901123
14.5888017845
5.31420504685
7.35479484666
19.842408614
5.84795636294
19.3492612687
9.62202279645
11.7104900666
1.45237322155
6.77992556576
9.40625393006
0.828851677438
9.889183218
17.1964743559
9.33680347122
2.26736151638
8.45145137785
19.6902950844
18.6938431504
0.766931719791
16.6754981239
18.0270166556
2.52198585625
8.31432797756
7.78088859862
17.0599704199
2.19827133988
0.700216451802
2.6767803786
2.39907449158
6.15857335876
3.42758206332
18.6272228747
8.22021932569
15.3685544662
8.69486836997
3.8725883539
6.63683056466
7.47186324629
8.80918356189
9.01934021112
19.3788382415
6.80373216711
19.591608736
13.5530550438
19.0697062132
6.55160688583
12.4665524956
19.519086085
2.31277705987
9.81266835077
6.30747032924
16.7775449642
4.64393641346
17.3506108987
18.0419510361
14.0277444891
9.42747595489
15.3443311717
18.3792962456
2.53168768422
5.48514121569
19.6504216275
14.1412266968
18.271460109
14.0850213391
13.0919544364
17.7080781848
8.70720105351
19.1605514921
18.6915660945
7.08686870157
14.3352728409
9.30063085079
12.1716548486
3.07635784465
18.174112798
5.01882898845
15.7833646714
3.16304495374
19.3829869614
12.9318925029
8.02031025178
13.1045523655
19.48131267
7.82255214318
14.4204220921
12.5789312779
11.3670943986
16.9150673916
15.9726032813
18.7493857269
0.260502795028
17.6482004112
8.61875210625
7.54596445151
10.8115482102
6.09553520373
13.5658080805
18.6756839054
2.51501947683
18.0800824321
2.5773618858
0.468385940734
4.30448923914
18.4036961091
11.6791087539
15.0472846928
12.6747962336
5.39234173823
19.0833823787
16.0462519607
16.7747428647
13.5516604577
11.196245567
13.6858480096
11.7417095288
13.6680006702
14.6176668036
18.6467559916
7.64001538338
1.53474964422
18.6227682123
19.5663524768
12.4226860022
5.22028183837
8.63883853783
2.57833538698
3.22463216243
12.8673788572
5.68753529634
13.3797018072
19.965348776
4.65017528645
3.88766990899
15.5422689419
10.0317641111
2.12605157878
15.116345804
15.8157716074
15.5029672963
16.2809374983
19.1443837765
8.07075077525
8.24640324203
18.7233296285
16.2231291095
2.79441215382
18.4325960433
7.30954045482
7.2034948039
17.0132526325
16.3876856805
17.8049299927
4.53503245132
11.3415681025
8.6923627999
17.2451969749
11.4373797263
5.7622698379
6.10949737932
12.5408866288
1.95205447364
18.9005026967
7.05574326417
8.50542434449
15.2304711731
19.8792244054
5.41165178946
5.97333341881
1.52845275037
7.54204964929
4.90288628682
8.43322689137
10.8413430215
13.543880362
18.5050119502
3.9116566152
11.5119248068
17.7118779759
3.11959188792
2.84342972704
14.0662537145
1.432961796
11.219089543
15.1997164877
19.6826268514
2.12258361983
18.9806718516
12.3356927494
15.649887584
15.1768831539
0.643454733802
6.63400957497
17.5212708956
5.60471023378
18.6289088937
3.60516421634
13.6967905556
12.2805790301
10.4331547566
19.2684588877
15.0053288797
7.01820829401
14.418041089
16.6996035332
16.5538610037
12.2411549472
7.4101947852
0.33392544729
5.93802760059
1.40064157566
4.22281400102
1.04263457796
3.44873957386
15.4817729876
4.15358333421
17.7476277404
12.0912880488
12.332529338
17.8119103267
14.2582183826
15.8517672175
17.0200197583
15.6689568299
0.935897489558
4.48161559981
3.3205520662
7.3848888076
0.388459123993
19.0410236882
4.10087829384
0.822186057956
4.06344070322
10.571773871
6.6408485062
18.4398113306
16.2188170342
5.06010977105
8.23995357127
4.96185892451
13.6365144651
17.0558997579
0.215156031499
11.6954044301
18.8065765949
6.14405013905
7.37201213181
2.95940485313
9.74981139185
19.5601739417
13.6856121013
8.04297381934
17.4627724847
7.09079065978
8.73708797181
0.639748006544
13.8856922865
10.359038476
0.961067984315
1.86069509479
16.329528392
2.18050148764
7.1789464169
0.412087198119
6.98856878987
10.0371874342
11.4809296082
2.02863026034
8.61645608683
5.4488922212
13.068297325
4.95053935195
17.4593933324
3.28460382553
9.33174327669
15.7808816817
3.55180475868
0.201138636464
3.36582135985
19.5493779172
18.2420231076
13.98852855
18.3716650637
17.4930389601
18.7912739737
12.3958107242
15.503763026
14.2191602535
2.66578844735
18.9922379683
